date,time,open,high,low,close,volume,amount,settelementPrice,openInterest,preClose,suspendFlag
20091030,1256832000000,,,,,0,0.0,0.0,0,,1
20091102,1257091200000,,,,,0,0.0,0.0,0,,1
20091103,1257177600000,,,,,0,0.0,0.0,0,,1
20091104,1257264000000,,,,,0,0.0,0.0,0,,1
20091105,1257350400000,,,,,0,0.0,0.0,0,,1
20091106,1257436800000,,,,,0,0.0,0.0,0,,1
20091109,1257696000000,,,,,0,0.0,0.0,0,,1
20091110,1257782400000,,,,,0,0.0,0.0,0,,1
20091111,1257868800000,,,,,0,0.0,0.0,0,,1
20091112,1257955200000,,,,,0,0.0,0.0,0,,1
20091113,1258041600000,,,,,0,0.0,0.0,0,,1
20091116,1258300800000,,,,,0,0.0,0.0,0,,1
20091117,1258387200000,,,,,0,0.0,0.0,0,,1
20091118,1258473600000,,,,,0,0.0,0.0,0,,1
20091119,1258560000000,,,,,0,0.0,0.0,0,,1
20091120,1258646400000,,,,,0,0.0,0.0,0,,1
20091123,1258905600000,,,,,0,0.0,0.0,0,,1
20091124,1258992000000,,,,,0,0.0,0.0,0,,1
20091125,1259078400000,,,,,0,0.0,0.0,0,,1
20091126,1259164800000,,,,,0,0.0,0.0,0,,1
20091127,1259251200000,,,,,0,0.0,0.0,0,,1
20091130,1259510400000,,,,,0,0.0,0.0,0,,1
20091201,1259596800000,,,,,0,0.0,0.0,0,,1
20091202,1259683200000,,,,,0,0.0,0.0,0,,1
20091203,1259769600000,,,,,0,0.0,0.0,0,,1
20091204,1259856000000,,,,,0,0.0,0.0,0,,1
20091207,1260115200000,,,,,0,0.0,0.0,0,,1
20091208,1260201600000,,,,,0,0.0,0.0,0,,1
20091209,1260288000000,,,,,0,0.0,0.0,0,,1
20091210,1260374400000,,,,,0,0.0,0.0,0,,1
20091211,1260460800000,,,,,0,0.0,0.0,0,,1
20091214,1260720000000,,,,,0,0.0,0.0,0,,1
20091215,1260806400000,,,,,0,0.0,0.0,0,,1
20091216,1260892800000,,,,,0,0.0,0.0,0,,1
20091217,1260979200000,,,,,0,0.0,0.0,0,,1
20091218,1261065600000,,,,,0,0.0,0.0,0,,1
20091221,1261324800000,,,,,0,0.0,0.0,0,,1
20091222,1261411200000,,,,,0,0.0,0.0,0,,1
20091223,1261497600000,,,,,0,0.0,0.0,0,,1
20091224,1261584000000,,,,,0,0.0,0.0,0,,1
20091225,1261670400000,,,,,0,0.0,0.0,0,,1
20091228,1261929600000,,,,,0,0.0,0.0,0,,1
20091229,1262016000000,,,,,0,0.0,0.0,0,,1
20091230,1262102400000,,,,,0,0.0,0.0,0,,1
20091231,1262188800000,,,,,0,0.0,0.0,0,,1
20100104,1262534400000,,,,,0,0.0,0.0,0,,1
20100105,1262620800000,,,,,0,0.0,0.0,0,,1
20100106,1262707200000,,,,,0,0.0,0.0,0,,1
20100107,1262793600000,,,,,0,0.0,0.0,0,,1
20100108,1262880000000,,,,,0,0.0,0.0,0,,1
20100111,1263139200000,,,,,0,0.0,0.0,0,,1
20100112,1263225600000,,,,,0,0.0,0.0,0,,1
20100113,1263312000000,,,,,0,0.0,0.0,0,,1
20100114,1263398400000,,,,,0,0.0,0.0,0,,1
20100115,1263484800000,,,,,0,0.0,0.0,0,,1
20100118,1263744000000,,,,,0,0.0,0.0,0,,1
20100119,1263830400000,,,,,0,0.0,0.0,0,,1
20100120,1263916800000,,,,,0,0.0,0.0,0,,1
20100121,1264003200000,,,,,0,0.0,0.0,0,,1
20100122,1264089600000,,,,,0,0.0,0.0,0,,1
20100125,1264348800000,,,,,0,0.0,0.0,0,,1
20100126,1264435200000,,,,,0,0.0,0.0,0,,1
20100127,1264521600000,,,,,0,0.0,0.0,0,,1
20100128,1264608000000,,,,,0,0.0,0.0,0,,1
20100129,1264694400000,,,,,0,0.0,0.0,0,,1
20100201,1264953600000,,,,,0,0.0,0.0,0,,1
20100202,1265040000000,,,,,0,0.0,0.0,0,,1
20100203,1265126400000,,,,,0,0.0,0.0,0,,1
20100204,1265212800000,,,,,0,0.0,0.0,0,,1
20100205,1265299200000,,,,,0,0.0,0.0,0,,1
20100208,1265558400000,,,,,0,0.0,0.0,0,,1
20100209,1265644800000,,,,,0,0.0,0.0,0,,1
20100210,1265731200000,,,,,0,0.0,0.0,0,,1
20100211,1265817600000,,,,,0,0.0,0.0,0,,1
20100212,1265904000000,,,,,0,0.0,0.0,0,,1
20100222,1266768000000,,,,,0,0.0,0.0,0,,1
20100223,1266854400000,,,,,0,0.0,0.0,0,,1
20100224,1266940800000,,,,,0,0.0,0.0,0,,1
20100225,1267027200000,,,,,0,0.0,0.0,0,,1
20100226,1267113600000,,,,,0,0.0,0.0,0,,1
20100301,1267372800000,,,,,0,0.0,0.0,0,,1
20100302,1267459200000,,,,,0,0.0,0.0,0,,1
20100303,1267545600000,,,,,0,0.0,0.0,0,,1
20100304,1267632000000,,,,,0,0.0,0.0,0,,1
20100305,1267718400000,,,,,0,0.0,0.0,0,,1
20100308,1267977600000,,,,,0,0.0,0.0,0,,1
20100309,1268064000000,,,,,0,0.0,0.0,0,,1
20100310,1268150400000,,,,,0,0.0,0.0,0,,1
20100311,1268236800000,,,,,0,0.0,0.0,0,,1
20100312,1268323200000,,,,,0,0.0,0.0,0,,1
20100315,1268582400000,,,,,0,0.0,0.0,0,,1
20100316,1268668800000,,,,,0,0.0,0.0,0,,1
20100317,1268755200000,,,,,0,0.0,0.0,0,,1
20100318,1268841600000,,,,,0,0.0,0.0,0,,1
20100319,1268928000000,,,,,0,0.0,0.0,0,,1
20100322,1269187200000,,,,,0,0.0,0.0,0,,1
20100323,1269273600000,,,,,0,0.0,0.0,0,,1
20100324,1269360000000,,,,,0,0.0,0.0,0,,1
20100325,1269446400000,,,,,0,0.0,0.0,0,,1
20100326,1269532800000,,,,,0,0.0,0.0,0,,1
20100329,1269792000000,,,,,0,0.0,0.0,0,,1
20100330,1269878400000,,,,,0,0.0,0.0,0,,1
20100331,1269964800000,,,,,0,0.0,0.0,0,,1
20100401,1270051200000,,,,,0,0.0,0.0,0,,1
20100402,1270137600000,,,,,0,0.0,0.0,0,,1
20100406,1270483200000,,,,,0,0.0,0.0,0,,1
20100407,1270569600000,,,,,0,0.0,0.0,0,,1
20100408,1270656000000,,,,,0,0.0,0.0,0,,1
20100409,1270742400000,,,,,0,0.0,0.0,0,,1
20100412,1271001600000,,,,,0,0.0,0.0,0,,1
20100413,1271088000000,,,,,0,0.0,0.0,0,,1
20100414,1271174400000,,,,,0,0.0,0.0,0,,1
20100415,1271260800000,,,,,0,0.0,0.0,0,,1
20100416,1271347200000,,,,,0,0.0,0.0,0,,1
20100419,1271606400000,,,,,0,0.0,0.0,0,,1
20100420,1271692800000,,,,,0,0.0,0.0,0,,1
20100421,1271779200000,,,,,0,0.0,0.0,0,,1
20100422,1271865600000,,,,,0,0.0,0.0,0,,1
20100423,1271952000000,,,,,0,0.0,0.0,0,,1
20100426,1272211200000,,,,,0,0.0,0.0,0,,1
20100427,1272297600000,,,,,0,0.0,0.0,0,,1
20100428,1272384000000,,,,,0,0.0,0.0,0,,1
20100429,1272470400000,,,,,0,0.0,0.0,0,,1
20100430,1272556800000,,,,,0,0.0,0.0,0,,1
20100504,1272902400000,,,,,0,0.0,0.0,0,,1
20100505,1272988800000,,,,,0,0.0,0.0,0,,1
20100506,1273075200000,,,,,0,0.0,0.0,0,,1
20100507,1273161600000,,,,,0,0.0,0.0,0,,1
20100510,1273420800000,,,,,0,0.0,0.0,0,,1
20100511,1273507200000,,,,,0,0.0,0.0,0,,1
20100512,1273593600000,,,,,0,0.0,0.0,0,,1
20100513,1273680000000,,,,,0,0.0,0.0,0,,1
20100514,1273766400000,,,,,0,0.0,0.0,0,,1
20100517,1274025600000,,,,,0,0.0,0.0,0,,1
20100518,1274112000000,,,,,0,0.0,0.0,0,,1
20100519,1274198400000,,,,,0,0.0,0.0,0,,1
20100520,1274284800000,,,,,0,0.0,0.0,0,,1
20100521,1274371200000,,,,,0,0.0,0.0,0,,1
20100524,1274630400000,,,,,0,0.0,0.0,0,,1
20100525,1274716800000,,,,,0,0.0,0.0,0,,1
20100526,1274803200000,,,,,0,0.0,0.0,0,,1
20100527,1274889600000,,,,,0,0.0,0.0,0,,1
20100528,1274976000000,,,,,0,0.0,0.0,0,,1
20100531,1275235200000,,,,,0,0.0,0.0,0,,1
20100601,1275321600000,,,,,0,0.0,0.0,0,,1
20100602,1275408000000,,,,,0,0.0,0.0,0,,1
20100603,1275494400000,,,,,0,0.0,0.0,0,,1
20100604,1275580800000,,,,,0,0.0,0.0,0,,1
20100607,1275840000000,,,,,0,0.0,0.0,0,,1
20100608,1275926400000,,,,,0,0.0,0.0,0,,1
20100609,1276012800000,,,,,0,0.0,0.0,0,,1
20100610,1276099200000,,,,,0,0.0,0.0,0,,1
20100611,1276185600000,,,,,0,0.0,0.0,0,,1
20100617,1276704000000,,,,,0,0.0,0.0,0,,1
20100618,1276790400000,,,,,0,0.0,0.0,0,,1
20100621,1277049600000,,,,,0,0.0,0.0,0,,1
20100622,1277136000000,,,,,0,0.0,0.0,0,,1
20100623,1277222400000,,,,,0,0.0,0.0,0,,1
20100624,1277308800000,,,,,0,0.0,0.0,0,,1
20100625,1277395200000,,,,,0,0.0,0.0,0,,1
20100628,1277654400000,,,,,0,0.0,0.0,0,,1
20100629,1277740800000,,,,,0,0.0,0.0,0,,1
20100630,1277827200000,,,,,0,0.0,0.0,0,,1
20100701,1277913600000,,,,,0,0.0,0.0,0,,1
20100702,1278000000000,,,,,0,0.0,0.0,0,,1
20100705,1278259200000,,,,,0,0.0,0.0,0,,1
20100706,1278345600000,,,,,0,0.0,0.0,0,,1
20100707,1278432000000,,,,,0,0.0,0.0,0,,1
20100708,1278518400000,,,,,0,0.0,0.0,0,,1
20100709,1278604800000,,,,,0,0.0,0.0,0,,1
20100712,1278864000000,,,,,0,0.0,0.0,0,,1
20100713,1278950400000,,,,,0,0.0,0.0,0,,1
20100714,1279036800000,,,,,0,0.0,0.0,0,,1
20100715,1279123200000,,,,,0,0.0,0.0,0,,1
20100716,1279209600000,,,,,0,0.0,0.0,0,,1
20100719,1279468800000,,,,,0,0.0,0.0,0,,1
20100720,1279555200000,,,,,0,0.0,0.0,0,,1
20100721,1279641600000,,,,,0,0.0,0.0,0,,1
20100722,1279728000000,,,,,0,0.0,0.0,0,,1
20100723,1279814400000,,,,,0,0.0,0.0,0,,1
20100726,1280073600000,,,,,0,0.0,0.0,0,,1
20100727,1280160000000,,,,,0,0.0,0.0,0,,1
20100728,1280246400000,,,,,0,0.0,0.0,0,,1
20100729,1280332800000,,,,,0,0.0,0.0,0,,1
20100730,1280419200000,,,,,0,0.0,0.0,0,,1
20100802,1280678400000,,,,,0,0.0,0.0,0,,1
20100803,1280764800000,,,,,0,0.0,0.0,0,,1
20100804,1280851200000,,,,,0,0.0,0.0,0,,1
20100805,1280937600000,,,,,0,0.0,0.0,0,,1
20100806,1281024000000,,,,,0,0.0,0.0,0,,1
20100809,1281283200000,,,,,0,0.0,0.0,0,,1
20100810,1281369600000,,,,,0,0.0,0.0,0,,1
20100811,1281456000000,,,,,0,0.0,0.0,0,,1
20100812,1281542400000,,,,,0,0.0,0.0,0,,1
20100813,1281628800000,,,,,0,0.0,0.0,0,,1
20100816,1281888000000,,,,,0,0.0,0.0,0,,1
20100817,1281974400000,,,,,0,0.0,0.0,0,,1
20100818,1282060800000,,,,,0,0.0,0.0,0,,1
20100819,1282147200000,,,,,0,0.0,0.0,0,,1
20100820,1282233600000,,,,,0,0.0,0.0,0,,1
20100823,1282492800000,,,,,0,0.0,0.0,0,,1
20100824,1282579200000,,,,,0,0.0,0.0,0,,1
20100825,1282665600000,,,,,0,0.0,0.0,0,,1
20100826,1282752000000,,,,,0,0.0,0.0,0,,1
20100827,1282838400000,,,,,0,0.0,0.0,0,,1
20100830,1283097600000,,,,,0,0.0,0.0,0,,1
20100831,1283184000000,,,,,0,0.0,0.0,0,,1
20100901,1283270400000,,,,,0,0.0,0.0,0,,1
20100902,1283356800000,,,,,0,0.0,0.0,0,,1
20100903,1283443200000,,,,,0,0.0,0.0,0,,1
20100906,1283702400000,,,,,0,0.0,0.0,0,,1
20100907,1283788800000,,,,,0,0.0,0.0,0,,1
20100908,1283875200000,,,,,0,0.0,0.0,0,,1
20100909,1283961600000,,,,,0,0.0,0.0,0,,1
20100910,1284048000000,,,,,0,0.0,0.0,0,,1
20100913,1284307200000,,,,,0,0.0,0.0,0,,1
20100914,1284393600000,,,,,0,0.0,0.0,0,,1
20100915,1284480000000,,,,,0,0.0,0.0,0,,1
20100916,1284566400000,,,,,0,0.0,0.0,0,,1
20100917,1284652800000,,,,,0,0.0,0.0,0,,1
20100920,1284912000000,,,,,0,0.0,0.0,0,,1
20100921,1284998400000,,,,,0,0.0,0.0,0,,1
20100927,1285516800000,,,,,0,0.0,0.0,0,,1
20100928,1285603200000,,,,,0,0.0,0.0,0,,1
20100929,1285689600000,,,,,0,0.0,0.0,0,,1
20100930,1285776000000,,,,,0,0.0,0.0,0,,1
20101008,1286467200000,,,,,0,0.0,0.0,0,,1
20101011,1286726400000,,,,,0,0.0,0.0,0,,1
20101012,1286812800000,,,,,0,0.0,0.0,0,,1
20101013,1286899200000,,,,,0,0.0,0.0,0,,1
20101014,1286985600000,,,,,0,0.0,0.0,0,,1
20101015,1287072000000,,,,,0,0.0,0.0,0,,1
20101018,1287331200000,,,,,0,0.0,0.0,0,,1
20101019,1287417600000,,,,,0,0.0,0.0,0,,1
20101020,1287504000000,,,,,0,0.0,0.0,0,,1
20101021,1287590400000,,,,,0,0.0,0.0,0,,1
20101022,1287676800000,,,,,0,0.0,0.0,0,,1
20101025,1287936000000,,,,,0,0.0,0.0,0,,1
20101026,1288022400000,,,,,0,0.0,0.0,0,,1
20101027,1288108800000,,,,,0,0.0,0.0,0,,1
20101028,1288195200000,,,,,0,0.0,0.0,0,,1
20101029,1288281600000,,,,,0,0.0,0.0,0,,1
20101101,1288540800000,,,,,0,0.0,0.0,0,,1
20101102,1288627200000,,,,,0,0.0,0.0,0,,1
20101103,1288713600000,,,,,0,0.0,0.0,0,,1
20101104,1288800000000,,,,,0,0.0,0.0,0,,1
20101105,1288886400000,38.5,38.9,37.08,37.269999999999996,119740,451640642.0,0.0,0,30.0,0
20101108,1289145600000,37.03,37.88,36.88,37.730000000000004,59214,222115094.0,0.0,0,37.27,0
20101109,1289232000000,37.620000000000005,37.620000000000005,36.88,37.190000000000005,36038,134072449.0,0.0,0,37.730000000000004,0
20101110,1289318400000,37.25,38.48,37.12,37.879999999999995,41575,157799437.0,0.0,0,37.19,0
20101111,1289404800000,37.699999999999996,39.879999999999995,37.4,38.62,51811,199763258.0,0.0,0,37.879999999999995,0
20101112,1289491200000,38.21,39.58,37.01,37.22,41466,158121268.00000003,0.0,0,38.62,0
20101115,1289750400000,37.52,39.24,37.1,39.03,42671,163405273.00000003,0.0,0,37.22,0
20101116,1289836800000,38.8,39.6,37.25,37.71,40314,155346801.0,0.0,0,39.03,0
20101117,1289923200000,37.0,37.28,34.4,34.65,32766,117420202.00000001,0.0,0,37.71,0
20101118,1290009600000,34.879999999999995,35.53,34.22,35.199999999999996,16687,58428016.0,0.0,0,34.65,0
20101119,1290096000000,35.3,36.23,35.07,35.93,16103,57433602.0,0.0,0,35.2,0
20101122,1290355200000,35.900000000000006,36.900000000000006,35.730000000000004,36.1,20790,75532768.0,0.0,0,35.93000000000001,0
20101123,1290441600000,36.050000000000004,36.300000000000004,35.6,36.22,12019,43144279.0,0.0,0,36.1,0
20101124,1290528000000,36.2,37.510000000000005,35.95,37.300000000000004,20253,74867489.0,0.0,0,36.220000000000006,0
20101125,1290614400000,37.38,37.63,36.25,36.68,16943,62456903.00000001,0.0,0,37.3,0
20101126,1290700800000,36.55,37.58,36.4,37.58,17905,66644470.0,0.0,0,36.68,0
20101129,1290960000000,37.559999999999995,38.26,37.37,37.86,17127,65024815.00000001,0.0,0,37.58,0
20101130,1291046400000,37.849999999999994,37.849999999999994,35.51,36.4,17344,63538191.0,0.0,0,37.86,0
20101201,1291132800000,36.4,36.69,36.03,36.44,6707,24462875.000000004,0.0,0,36.4,0
20101202,1291219200000,36.77,36.93,36.27,36.28,7943,29035392.0,0.0,0,36.440000000000005,0
20101203,1291305600000,36.2,36.38,35.52,35.71,8589,30784609.0,0.0,0,36.28,0
20101206,1291564800000,35.720000000000006,35.89,34.88,35.230000000000004,8496,29935125.000000004,0.0,0,35.71,0
20101207,1291651200000,34.99,35.86000000000001,34.800000000000004,35.82000000000001,5583,19800896.0,0.0,0,35.230000000000004,0
20101208,1291737600000,35.82000000000001,35.82000000000001,35.82000000000001,35.82000000000001,0,0.0,0.0,0,35.82000000000001,1
20101209,1291824000000,35.4,35.59,35.1,35.300000000000004,4471,15788562.0,0.0,0,35.82,0
20101210,1291910400000,35.4,36.33,35.21,36.08,5862,21086563.0,0.0,0,35.300000000000004,0
20101213,1292169600000,36.29,37.04,36.0,36.81,8996,33011923.000000004,0.0,0,36.08,0
20101214,1292256000000,36.84,36.97,36.5,36.79,6616,24296788.0,0.0,0,36.81,0
20101215,1292342400000,36.79,37.39,36.6,36.7,10160,37517781.00000001,0.0,0,36.79,0
20101216,1292428800000,36.95,37.25,36.67,36.870000000000005,5673,20952872.0,0.0,0,36.7,0
20101217,1292515200000,36.81,37.39,36.81,37.260000000000005,9754,36200186.0,0.0,0,36.870000000000005,0
20101220,1292774400000,37.400000000000006,37.470000000000006,36.52,37.31,14858,55211456.0,0.0,0,37.260000000000005,0
20101221,1292860800000,37.35,37.68000000000001,36.910000000000004,37.46,10021,37412178.00000001,0.0,0,37.31,0
20101222,1292947200000,37.54,37.54,36.53,36.53,8900,32855178.0,0.0,0,37.46,0
20101223,1293033600000,36.550000000000004,36.63,35.7,35.7,7933,28611857.0,0.0,0,36.53,0
20101224,1293120000000,35.7,35.7,35.0,35.24,5891,20778202.0,0.0,0,35.7,0
20101227,1293379200000,35.31,35.59,33.5,33.88,5724,19998770.000000004,0.0,0,35.24,0
20101228,1293465600000,33.800000000000004,34.160000000000004,33.52,33.650000000000006,5060,17128288.000000004,0.0,0,33.88,0
20101229,1293552000000,33.88,34.1,33.6,34.08,3625,12254165.0,0.0,0,33.65,0
20101230,1293638400000,34.010000000000005,34.190000000000005,33.730000000000004,33.900000000000006,2980,10127988.0,0.0,0,34.080000000000005,0
20101231,1293724800000,33.95,34.47,33.86,34.44,4903,16750940.0,0.0,0,33.9,0
20110104,1294070400000,34.50000000000001,34.95,34.300000000000004,34.84,4635,16092374.0,0.0,0,34.440000000000005,0
20110105,1294156800000,34.7,34.980000000000004,34.52,34.6,3694,12829493.999999998,0.0,0,34.84,0
20110106,1294243200000,34.59,34.68,34.0,34.01,3921,13431426.0,0.0,0,34.6,0
20110107,1294329600000,34.019999999999996,34.36,33.9,34.0,2365,8072924.000000001,0.0,0,34.01,0
20110110,1294588800000,33.99,34.05,33.39,33.46,5298,17819892.0,0.0,0,34.0,0
20110111,1294675200000,33.4,33.43,32.53,32.68,5363,17636258.000000004,0.0,0,33.46,0
20110112,1294761600000,32.75,33.150000000000006,32.45,32.99,3993,13117666.0,0.0,0,32.68,0
20110113,1294848000000,33.0,33.73,33.0,33.44,5028,16823231.0,0.0,0,32.99,0
20110114,1294934400000,33.730000000000004,34.18000000000001,33.480000000000004,33.50000000000001,12010,40579037.0,0.0,0,33.440000000000005,0
20110117,1295193600000,32.800000000000004,33.0,31.85,31.860000000000003,6151,19906901.0,0.0,0,33.5,0
20110118,1295280000000,31.51,32.190000000000005,31.51,31.830000000000002,2448,7812482.0,0.0,0,31.860000000000003,0
20110119,1295366400000,31.7,32.47,31.7,32.21,3466,11128472.000000002,0.0,0,31.83,0
20110120,1295452800000,32.15,32.15,30.51,30.51,6079,19058760.0,0.0,0,32.21,0
20110121,1295539200000,30.55,30.98,30.21,30.5,3672,11210074.0,0.0,0,30.51,0
20110124,1295798400000,30.740000000000002,30.740000000000002,29.330000000000002,29.340000000000003,4375,13062018.0,0.0,0,30.5,0
20110125,1295884800000,29.28,29.28,28.400000000000002,28.8,4126,11836645.0,0.0,0,29.340000000000003,0
20110126,1295971200000,28.67,29.44,28.67,29.380000000000003,3202,9342542.000000002,0.0,0,28.8,0
20110127,1296057600000,28.93,29.78,28.84,29.69,3075,9070628.0,0.0,0,29.38,0
20110128,1296144000000,29.88,30.46,29.7,30.25,4522,13633006.0,0.0,0,29.689999999999998,0
20110131,1296403200000,30.05,30.35,29.8,30.25,2698,8123932.0,0.0,0,30.25,0
20110201,1296489600000,30.49,30.49,30.13,30.259999999999998,2299,6951685.000000001,0.0,0,30.25,0
20110209,1297180800000,30.0,30.0,28.8,29.150000000000002,16505,48173063.0,0.0,0,30.26,0
20110210,1297267200000,29.09,30.38,28.98,30.38,14111,41893387.0,0.0,0,29.150000000000002,0
20110211,1297353600000,30.3,30.69,30.01,30.42,9343,28384145.000000004,0.0,0,30.380000000000003,0
20110214,1297612800000,30.71,30.900000000000002,30.3,30.71,9684,29658648.0,0.0,0,30.42,0
20110215,1297699200000,30.65,31.29,30.5,30.85,12326,37954585.00000001,0.0,0,30.71,0
20110216,1297785600000,30.7,31.21,30.66,31.15,8622,26712430.0,0.0,0,30.85,0
20110217,1297872000000,31.22,31.56,30.82,31.3,8429,26312149.0,0.0,0,31.15,0
20110218,1297958400000,31.14,31.25,30.61,30.759999999999998,7048,21782460.0,0.0,0,31.3,0
20110221,1298217600000,30.52,31.28,30.52,31.19,5918,18347263.0,0.0,0,30.759999999999998,0
20110222,1298304000000,31.2,31.25,30.02,30.03,9926,30382687.0,0.0,0,31.189999999999998,0
20110223,1298390400000,30.020000000000003,30.67,30.01,30.5,6045,18366336.000000004,0.0,0,30.03,0
20110224,1298476800000,30.48,30.95,30.32,30.9,6364,19513401.000000004,0.0,0,30.5,0
20110225,1298563200000,30.900000000000002,31.0,30.23,30.900000000000002,5424,16676617.0,0.0,0,30.900000000000002,0
20110228,1298822400000,30.76,31.26,30.71,31.25,7263,22499740.0,0.0,0,30.900000000000002,0
20110301,1298908800000,31.360000000000003,31.39,30.92,31.14,7224,22522852.0,0.0,0,31.25,0
20110302,1298995200000,31.02,31.240000000000002,30.71,30.91,4485,13870939.0,0.0,0,31.14,0
20110303,1299081600000,30.970000000000002,31.130000000000003,30.310000000000002,30.39,5525,16963889.0,0.0,0,30.910000000000004,0
20110304,1299168000000,30.47,30.68,30.18,30.58,2785,8464839.0,0.0,0,30.39,0
20110307,1299427200000,30.53,30.98,30.53,30.96,4621,14214311.0,0.0,0,30.580000000000002,0
20110308,1299513600000,30.82,31.39,30.82,31.26,6176,19296292.0,0.0,0,30.96,0
20110309,1299600000000,31.28,31.380000000000003,31.01,31.220000000000002,3432,10697299.0,0.0,0,31.26,0
20110310,1299686400000,31.270000000000003,31.82,31.1,31.5,9922,31290247.0,0.0,0,31.220000000000002,0
20110311,1299772800000,31.45,31.98,31.21,31.8,9040,28680870.000000004,0.0,0,31.5,0
20110314,1300032000000,31.81,32.42,31.66,32.36,7333,23590647.0,0.0,0,31.8,0
20110315,1300118400000,32.3,32.52,31.3,32.49,9292,29623821.0,0.0,0,32.36,0
20110316,1300204800000,32.47,33.42,32.4,33.01,11215,37045734.0,0.0,0,32.49,0
20110317,1300291200000,33.1,33.1,31.73,31.8,9599,31110695.000000004,0.0,0,33.01,0
20110318,1300377600000,32.190000000000005,32.39,31.85,32.18,3420,10991975.000000002,0.0,0,31.8,0
20110321,1300636800000,32.0,32.19,31.61,31.849999999999998,4182,13314964.0,0.0,0,32.18,0
20110322,1300723200000,31.89,32.27,31.64,32.1,4219,13494232.0,0.0,0,31.85,0
20110323,1300809600000,32.2,32.78,32.2,32.56,4838,15765470.000000002,0.0,0,32.1,0
20110324,1300896000000,32.7,32.73,32.25,32.27,5146,16660566.0,0.0,0,32.56,0
20110325,1300982400000,32.480000000000004,32.75,31.94,31.98,7388,23874851.0,0.0,0,32.27,0
20110328,1301241600000,31.93,32.58,31.93,32.14,6659,21466479.0,0.0,0,31.98,0
20110329,1301328000000,32.300000000000004,32.300000000000004,30.85,31.8,10425,32537527.0,0.0,0,32.14,0
20110330,1301414400000,31.8,31.8,31.8,31.8,0,0.0,0.0,0,31.8,1
20110331,1301500800000,29.85,31.0,29.85,30.6,19163,58400938.0,0.0,0,31.8,0
20110401,1301587200000,30.47,31.299999999999997,30.47,31.299999999999997,14527,45165364.00000001,0.0,0,30.599999999999998,0
20110406,1302019200000,31.250000000000004,31.700000000000003,30.900000000000002,31.660000000000004,12747,39979520.0,0.0,0,31.3,0
20110407,1302105600000,31.97,31.97,30.38,30.79,12131,37901060.0,0.0,0,31.66,0
20110408,1302192000000,30.580000000000002,31.200000000000003,30.580000000000002,31.1,4756,14761530.000000002,0.0,0,30.790000000000003,0
20110411,1302451200000,31.020000000000003,31.26,30.900000000000002,31.240000000000002,6874,21391598.0,0.0,0,31.1,0
20110412,1302537600000,31.25,31.25,31.0,31.05,5171,16056758.0,0.0,0,31.24,0
20110413,1302624000000,31.01,31.68,31.0,31.67,5810,18274435.000000004,0.0,0,31.05,0
20110414,1302710400000,31.51,31.66,30.92,31.150000000000002,5804,18095646.0,0.0,0,31.67,0
20110415,1302796800000,31.06,31.18,30.72,31.169999999999998,4530,14029088.000000002,0.0,0,31.15,0
20110418,1303056000000,30.820000000000004,31.200000000000003,30.810000000000002,31.150000000000002,4395,13644107.000000002,0.0,0,31.17,0
20110419,1303142400000,30.83,31.14,30.72,31.119999999999997,6627,20486257.0,0.0,0,31.15,0
20110420,1303228800000,31.05,31.41,31.03,31.1,6625,20660963.0,0.0,0,31.12,0
20110421,1303315200000,31.05,31.17,30.8,31.12,7573,23508490.0,0.0,0,31.1,0
20110422,1303401600000,31.22,31.22,30.5,31.11,5620,17360803.0,0.0,0,31.12,0
20110425,1303660800000,31.11,31.11,31.11,31.11,0,0.0,0.0,0,31.11,1
20110426,1303747200000,30.98,33.27,30.96,32.08,33195,106425901.0,0.0,0,31.11,0
20110427,1303833600000,32.199999999999996,33.089999999999996,31.88,32.449999999999996,22876,74280094.0,0.0,0,32.08,0
20110428,1303920000000,32.52,32.83,30.0,30.85,15906,50390500.0,0.0,0,32.45,0
20110429,1304006400000,30.869999999999997,31.25,30.04,30.72,7759,23921313.0,0.0,0,30.849999999999998,0
20110503,1304352000000,30.82,31.26,30.55,30.810000000000002,9860,30430178.000000004,0.0,0,30.720000000000002,0
20110504,1304438400000,30.75,30.75,29.5,29.51,9515,28578607.000000004,0.0,0,30.81,0
20110505,1304524800000,29.439999999999998,29.99,29.13,29.9,3386,10093506.0,0.0,0,29.509999999999998,0
20110506,1304611200000,29.79,30.36,29.59,30.15,3227,9700094.000000002,0.0,0,29.9,0
20110509,1304870400000,30.380000000000003,30.770000000000003,30.17,30.360000000000003,5094,15538973.999999998,0.0,0,30.150000000000002,0
20110510,1304956800000,30.43,30.68,30.04,30.52,3721,11308742.0,0.0,0,30.36,0
20110511,1305043200000,30.32,30.68,30.27,30.46,2722,8303284.0,0.0,0,30.52,0
20110512,1305129600000,30.34,30.400000000000002,30.03,30.03,3486,10529375.0,0.0,0,30.46,0
20110513,1305216000000,30.28,30.419999999999998,29.86,30.38,2556,7691207.0,0.0,0,30.03,0
20110516,1305475200000,30.470000000000002,30.650000000000002,30.3,30.400000000000002,2717,8288098.0,0.0,0,30.38,0
20110517,1305561600000,30.55,30.78,30.060000000000002,30.55,3235,9874499.0,0.0,0,30.400000000000002,0
20110518,1305648000000,30.580000000000002,30.69,30.37,30.560000000000002,1871,5715194.000000001,0.0,0,30.55,0
20110519,1305734400000,30.750000000000004,31.160000000000004,30.650000000000002,30.750000000000004,4184,12941760.000000002,0.0,0,30.560000000000002,0
20110520,1305820800000,30.77,30.77,29.93,30.2,3517,10620272.0,0.0,0,30.6,0
20110523,1306080000000,30.01,30.2,28.89,28.900000000000002,4214,12353458.0,0.0,0,30.2,0
20110524,1306166400000,28.89,30.099999999999998,28.29,29.7,5842,17089202.0,0.0,0,28.9,0
20110525,1306252800000,29.5,29.68,28.85,29.1,2435,7107755.0,0.0,0,29.700000000000003,0
20110526,1306339200000,29.16,29.64,28.85,28.85,3085,9023334.0,0.0,0,29.1,0
20110527,1306425600000,28.5,29.32,28.5,28.73,2477,7161642.0,0.0,0,28.85,0
20110530,1306684800000,28.5,29.29,28.41,28.81,2227,6455238.0,0.0,0,28.73,0
20110531,1306771200000,28.810000000000002,29.37,28.810000000000002,29.320000000000004,2412,7026313.0,0.0,0,28.810000000000002,0
20110601,1306857600000,29.21,29.610000000000003,29.150000000000002,29.500000000000004,3087,9084423.0,0.0,0,29.320000000000004,0
20110602,1306944000000,29.259999999999998,29.259999999999998,28.88,29.02,2559,7431391.0,0.0,0,29.5,0
20110603,1307030400000,29.1,29.720000000000002,29.1,29.69,2415,7121226.000000001,0.0,0,29.020000000000003,0
20110607,1307376000000,29.51,29.860000000000003,29.51,29.64,1576,4675911.0,0.0,0,29.69,0
20110608,1307462400000,29.51,29.750000000000004,29.080000000000002,29.32,1475,4327848.0,0.0,0,29.64,0
20110609,1307548800000,29.4,29.45,29.02,29.02,1672,4883035.0,0.0,0,29.32,0
20110610,1307635200000,28.720000000000002,29.290000000000003,28.330000000000002,28.73,2502,7163504.0,0.0,0,29.020000000000003,0
20110613,1307894400000,28.67,29.1,28.51,28.96,1280,3695742.0,0.0,0,28.73,0
20110614,1307980800000,28.75,29.3,28.75,29.17,1627,4747951.999999999,0.0,0,28.96,0
20110615,1308067200000,29.15,29.23,28.66,28.85,1620,4697820.0,0.0,0,29.17,0
20110616,1308153600000,28.599999999999998,28.759999999999998,28.29,28.4,1639,4669676.0,0.0,0,28.849999999999998,0
20110617,1308240000000,28.35,28.6,28.32,28.54,1188,3382629.0,0.0,0,28.4,0
20110620,1308499200000,28.4,28.54,28.22,28.24,1460,4141243.9999999995,0.0,0,28.54,0
20110621,1308585600000,28.2,28.48,27.62,28.0,3229,9034804.0,0.0,0,28.240000000000002,0
20110622,1308672000000,27.900000000000002,27.990000000000002,26.94,27.09,3571,9740477.0,0.0,0,28.0,0
20110623,1308758400000,26.98,27.8,26.5,27.69,2416,6637328.0,0.0,0,27.09,0
20110624,1308844800000,27.6,28.470000000000002,27.51,28.3,5794,16251425.0,0.0,0,27.69,0
20110627,1309104000000,28.3,28.67,28.1,28.240000000000002,4572,12977318.999999998,0.0,0,28.3,0
20110628,1309190400000,28.1,28.4,27.93,28.259999999999998,3017,8504209.0,0.0,0,28.24,0
20110629,1309276800000,28.16,28.33,27.7,27.7,2717,7625044.000000001,0.0,0,28.259999999999998,0
20110630,1309363200000,27.650000000000002,28.1,27.62,27.98,2640,7381706.000000001,0.0,0,27.7,0
20110701,1309449600000,28.1,28.63,27.73,28.28,3433,9753715.0,0.0,0,27.98,0
20110704,1309708800000,28.17,28.89,28.17,28.89,5398,15454560.0,0.0,0,28.28,0
20110705,1309795200000,28.98,29.09,28.68,28.97,3782,10925381.0,0.0,0,28.89,0
20110706,1309881600000,28.98,29.39,28.71,29.26,4466,13002171.000000002,0.0,0,28.970000000000002,0
20110707,1309968000000,29.21,30.23,29.21,29.92,8021,23913666.000000004,0.0,0,29.26,0
20110708,1310054400000,29.82,30.119999999999997,29.54,29.8,3665,10929288.999999998,0.0,0,29.919999999999998,0
20110711,1310313600000,29.56,30.15,29.5,29.95,2876,8593496.0,0.0,0,29.8,0
20110712,1310400000000,29.62,29.63,29.0,29.03,5181,15142403.0,0.0,0,29.95,0
20110713,1310486400000,29.05,30.07,29.05,29.990000000000002,5893,17494958.0,0.0,0,29.03,0
20110714,1310572800000,30.180000000000003,30.860000000000003,29.990000000000002,30.520000000000003,6789,20750039.0,0.0,0,29.990000000000002,0
20110715,1310659200000,30.77,31.25,30.25,31.0,8134,25195243.0,0.0,0,30.52,0
20110718,1310918400000,31.36,31.5,30.52,31.0,7095,21999369.0,0.0,0,31.0,0
20110719,1311004800000,30.96,30.96,30.02,30.14,4887,14802265.000000002,0.0,0,31.0,0
20110720,1311091200000,30.470000000000002,30.580000000000002,29.92,30.3,6486,19645361.0,0.0,0,30.14,0
20110721,1311177600000,30.6,30.68,30.18,30.2,3588,10886325.0,0.0,0,30.3,0
20110722,1311264000000,30.21,31.380000000000003,30.21,30.82,8128,25120491.000000004,0.0,0,30.2,0
20110725,1311523200000,30.91,31.85,30.3,30.32,10292,32061751.0,0.0,0,30.82,0
20110726,1311609600000,30.38,30.85,29.5,30.0,4320,12898655.0,0.0,0,30.32,0
20110727,1311696000000,29.89,31.33,29.7,31.27,7069,21786983.0,0.0,0,30.0,0
20110728,1311782400000,30.89,32.06,30.82,31.86,10347,32757504.0,0.0,0,31.27,0
20110729,1311868800000,31.8,31.900000000000002,31.060000000000002,31.450000000000003,5773,18177694.0,0.0,0,31.860000000000003,0
20110801,1312128000000,31.21,32.63,31.21,32.25,9688,31191097.999999996,0.0,0,31.45,0
20110802,1312214400000,32.0,32.23,31.0,31.94,7515,23689168.0,0.0,0,32.25,0
20110803,1312300800000,31.48,32.16,31.25,31.91,6182,19710370.0,0.0,0,31.94,0
20110804,1312387200000,31.82,32.27,31.28,31.400000000000002,6365,20167711.0,0.0,0,31.91,0
20110805,1312473600000,30.71,30.71,30.02,30.44,6252,19052010.0,0.0,0,31.4,0
20110808,1312732800000,28.110000000000003,29.8,27.400000000000002,27.400000000000002,15354,42839207.0,0.0,0,30.44,0
20110809,1312819200000,26.3,27.259999999999998,26.13,27.06,9020,24093762.0,0.0,0,27.4,0
20110810,1312905600000,27.44,27.8,27.14,27.28,8907,24533749.0,0.0,0,27.060000000000002,0
20110811,1312992000000,26.61,27.87,26.41,27.76,8088,22087440.0,0.0,0,27.28,0
20110812,1313078400000,27.77,28.279999999999998,27.72,27.9,8469,23696257.0,0.0,0,27.759999999999998,0
20110815,1313337600000,28.26,28.46,27.810000000000002,28.290000000000003,6587,18537371.000000004,0.0,0,27.900000000000002,0
20110816,1313424000000,28.29,28.55,27.89,27.89,5292,14906234.0,0.0,0,28.29,0
20110817,1313510400000,27.8,28.070000000000004,27.400000000000002,27.790000000000003,4509,12495175.000000002,0.0,0,27.89,0
20110818,1313596800000,27.73,27.94,27.18,27.18,4303,11821643.0,0.0,0,27.79,0
20110819,1313683200000,26.5,27.35,26.5,27.3,3709,10000082.000000002,0.0,0,27.18,0
20110822,1313942400000,27.310000000000002,27.69,27.310000000000002,27.430000000000003,3308,9108795.999999998,0.0,0,27.3,0
20110823,1314028800000,27.430000000000003,27.430000000000003,27.430000000000003,27.430000000000003,0,0.0,0.0,0,27.430000000000003,1
20110824,1314115200000,28.9,29.98,28.45,28.84,20106,58654165.0,0.0,0,27.43,0
20110825,1314201600000,28.610000000000003,28.87,27.92,28.5,13957,39552303.99999999,0.0,0,28.840000000000003,0
20110826,1314288000000,28.26,28.95,28.25,28.92,7954,22873607.0,0.0,0,28.5,0
20110829,1314547200000,28.85,29.48,28.66,28.96,8996,26176192.0,0.0,0,28.92,0
20110830,1314633600000,28.97,29.29,28.25,28.3,6076,17519193.0,0.0,0,28.96,0
20110831,1314720000000,28.45,28.6,28.0,28.15,4464,12596506.0,0.0,0,28.3,0
20110901,1314806400000,28.3,28.560000000000002,28.05,28.1,2781,7871406.000000001,0.0,0,28.150000000000002,0
20110902,1314892800000,28.150000000000002,28.240000000000002,27.69,28.01,3510,9792077.000000002,0.0,0,28.1,0
20110905,1315152000000,27.5,27.9,27.5,27.5,3138,8676346.0,0.0,0,28.01,0
20110906,1315238400000,27.2,27.64,27.0,27.4,3216,8759304.0,0.0,0,27.5,0
20110907,1315324800000,27.580000000000002,28.070000000000004,27.400000000000002,28.060000000000002,3259,9073620.000000002,0.0,0,27.400000000000002,0
20110908,1315411200000,28.3,28.3,27.53,27.57,2180,6101265.0,0.0,0,28.060000000000002,0
20110909,1315497600000,27.43,27.82,27.2,27.31,1864,5114654.0,0.0,0,27.57,0
20110913,1315843200000,27.01,27.080000000000002,26.560000000000002,26.840000000000003,2553,6838374.000000001,0.0,0,27.310000000000002,0
20110914,1315929600000,26.970000000000002,27.200000000000003,26.580000000000002,27.200000000000003,1510,4058470.0,0.0,0,26.840000000000003,0
20110915,1316016000000,27.2,27.25,27.05,27.05,2098,5703852.0,0.0,0,27.2,0
20110916,1316102400000,27.220000000000002,27.23,26.740000000000002,26.92,1653,4465573.0,0.0,0,27.05,0
20110919,1316361600000,26.64,26.770000000000003,26.42,26.430000000000003,2144,5687120.0,0.0,0,26.92,0
20110920,1316448000000,26.21,26.67,26.21,26.6,1580,4173694.0000000005,0.0,0,26.43,0
20110921,1316534400000,26.580000000000002,27.34,26.41,27.34,2929,7920985.999999999,0.0,0,26.6,0
20110922,1316620800000,27.17,27.17,26.51,26.520000000000003,2048,5488002.0,0.0,0,27.340000000000003,0
20110923,1316707200000,26.220000000000002,26.5,26.05,26.3,2411,6325885.999999999,0.0,0,26.52,0
20110926,1316966400000,26.2,26.43,26.0,26.08,1604,4199595.0,0.0,0,26.3,0
20110927,1317052800000,26.49,26.5,26.09,26.18,796,2089639.0,0.0,0,26.08,0
20110928,1317139200000,26.46,26.49,26.02,26.19,948,2493129.0,0.0,0,26.18,0
20110929,1317225600000,26.0,26.18,25.23,25.400000000000002,2393,6170403.0,0.0,0,26.19,0
20110930,1317312000000,25.400000000000002,25.430000000000003,25.060000000000002,25.340000000000003,998,2520874.0,0.0,0,25.400000000000002,0
20111010,1318176000000,25.48,26.0,25.47,25.509999999999998,672,1722985.9999999998,0.0,0,25.34,0
20111011,1318262400000,26.0,26.12,25.45,25.72,863,2226359.0,0.0,0,25.509999999999998,0
20111012,1318348800000,25.11,26.55,25.11,26.49,2223,5822995.0,0.0,0,25.72,0
20111013,1318435200000,26.27,26.79,26.27,26.59,2290,6087624.000000001,0.0,0,26.49,0
20111014,1318521600000,26.349999999999998,26.59,26.11,26.349999999999998,830,2190474.0000000005,0.0,0,26.59,0
20111017,1318780800000,26.28,26.57,26.21,26.37,1193,3151630.0,0.0,0,26.35,0
20111018,1318867200000,26.21,26.3,25.41,25.5,1577,4065971.0,0.0,0,26.37,0
20111019,1318953600000,25.450000000000003,25.62,25.310000000000002,25.500000000000004,925,2355562.0,0.0,0,25.500000000000004,0
20111020,1319040000000,25.26,25.48,24.8,24.85,2267,5665918.000000001,0.0,0,25.5,0
20111021,1319126400000,24.85,24.990000000000002,24.060000000000002,24.400000000000002,1225,3016004.0,0.0,0,24.85,0
20111024,1319385600000,24.400000000000002,24.92,24.060000000000002,24.880000000000003,1652,4055538.0,0.0,0,24.400000000000002,0
20111025,1319472000000,24.790000000000003,25.630000000000003,24.62,25.580000000000002,2090,5294012.000000001,0.0,0,24.880000000000003,0
20111026,1319558400000,25.38,26.05,25.38,25.83,2380,6117288.0,0.0,0,25.58,0
20111027,1319644800000,25.88,26.169999999999998,25.54,25.669999999999998,1649,4267053.000000001,0.0,0,25.83,0
20111028,1319731200000,26.12,26.150000000000002,25.580000000000002,26.080000000000002,2560,6618156.0,0.0,0,25.67,0
20111031,1319990400000,26.080000000000002,26.44,26.080000000000002,26.19,2750,7224840.0,0.0,0,26.080000000000002,0
20111101,1320076800000,25.87,26.8,25.87,26.46,4038,10676830.0,0.0,0,26.19,0
20111102,1320163200000,26.000000000000004,27.000000000000004,25.740000000000002,26.94,6338,16860122.000000004,0.0,0,26.46,0
20111103,1320249600000,27.0,27.78,26.7,26.72,6853,18680164.0,0.0,0,26.939999999999998,0
20111104,1320336000000,26.930000000000003,27.82,26.92,27.6,9176,25310509.0,0.0,0,26.720000000000002,0
20111107,1320595200000,27.57,27.68,27.25,27.37,2706,7412922.000000001,0.0,0,27.6,0
20111108,1320681600000,27.5,27.790000000000003,27.1,27.17,4189,11483536.0,0.0,0,27.37,0
20111109,1320768000000,27.28,27.87,27.18,27.81,4223,11664145.0,0.0,0,27.169999999999998,0
20111110,1320854400000,27.81,27.81,27.81,27.81,0,0.0,0.0,0,27.81,1
20111111,1320940800000,27.8,28.150000000000002,27.23,27.25,3247,9026211.0,0.0,0,27.81,0
20111114,1321200000000,27.48,28.01,27.48,27.89,4382,12195762.0,0.0,0,27.25,0
20111115,1321286400000,27.82,28.2,27.79,27.88,3048,8523518.0,0.0,0,27.89,0
20111116,1321372800000,27.89,28.0,27.0,27.24,2795,7701384.999999999,0.0,0,27.88,0
20111117,1321459200000,27.28,27.88,27.11,27.68,2132,5873078.0,0.0,0,27.24,0
20111118,1321545600000,27.3,28.060000000000002,27.17,27.180000000000003,3638,10086522.0,0.0,0,27.680000000000003,0
20111121,1321804800000,27.29,27.29,26.45,27.2,2133,5722453.000000001,0.0,0,27.18,0
20111122,1321891200000,26.8,27.24,26.7,27.11,1072,2897391.0000000005,0.0,0,27.2,0
20111123,1321977600000,27.200000000000003,27.92,27.19,27.55,4367,12037681.0,0.0,0,27.110000000000003,0
20111124,1322064000000,27.3,28.28,27.01,27.990000000000002,4938,13769427.0,0.0,0,27.55,0
20111125,1322150400000,27.990000000000002,28.17,27.6,27.650000000000002,2391,6667755.0,0.0,0,27.990000000000002,0
20111128,1322409600000,27.59,28.85,27.59,28.51,7122,20182502.999999996,0.0,0,27.65,0
20111129,1322496000000,28.6,28.64,28.18,28.4,3736,10613369.0,0.0,0,28.509999999999998,0
20111130,1322582400000,28.3,29.48,27.51,28.75,11406,32787284.0,0.0,0,28.400000000000002,0
20111201,1322668800000,29.3,30.110000000000003,28.85,29.8,12029,35759133.0,0.0,0,28.75,0
20111202,1322755200000,29.48,29.900000000000002,28.3,29.0,4754,13905307.999999998,0.0,0,29.8,0
20111205,1323014400000,28.400000000000002,29.12,27.310000000000002,27.310000000000002,3148,8832689.0,0.0,0,29.000000000000004,0
20111206,1323100800000,27.290000000000003,27.740000000000002,26.78,26.880000000000003,2782,7508086.0,0.0,0,27.310000000000002,0
20111207,1323187200000,27.25,27.380000000000003,26.62,27.05,1453,3927351.0000000005,0.0,0,26.880000000000003,0
20111208,1323273600000,26.98,27.55,26.52,27.23,2487,6752338.000000001,0.0,0,27.05,0
20111209,1323360000000,26.880000000000003,27.400000000000002,26.650000000000002,26.880000000000003,1463,3951851.0,0.0,0,27.23,0
20111212,1323619200000,26.900000000000002,27.310000000000002,26.310000000000002,26.470000000000002,2164,5806206.0,0.0,0,26.880000000000003,0
20111213,1323705600000,26.4,26.43,25.41,25.49,2417,6200644.000000001,0.0,0,26.47,0
20111214,1323792000000,25.400000000000002,25.67,25.01,25.180000000000003,1393,3526625.9999999995,0.0,0,25.490000000000002,0
20111215,1323878400000,25.18,25.38,24.75,24.76,2833,7077321.0,0.0,0,25.18,0
20111216,1323964800000,25.150000000000002,25.500000000000004,24.310000000000002,25.360000000000003,2713,6735892.0,0.0,0,24.76,0
20111219,1324224000000,25.0,25.23,24.38,25.0,6799,16776294.0,0.0,0,25.36,0
20111220,1324310400000,24.880000000000003,25.3,24.6,24.62,2280,5676155.0,0.0,0,25.0,0
20111221,1324396800000,24.85,24.990000000000002,24.3,24.3,2658,6573268.0,0.0,0,24.62,0
20111222,1324483200000,24.1,24.320000000000004,23.400000000000002,23.900000000000002,2278,5419317.0,0.0,0,24.3,0
20111223,1324569600000,23.52,24.29,23.52,23.95,1370,3293361.0,0.0,0,23.9,0
20111226,1324828800000,24.259999999999998,24.27,23.61,23.919999999999998,1293,3118216.0,0.0,0,23.95,0
20111227,1324915200000,24.150000000000002,24.150000000000002,23.3,23.330000000000002,1022,2416554.0,0.0,0,23.92,0
20111228,1325001600000,23.19,23.590000000000003,22.900000000000002,23.48,1896,4405160.0,0.0,0,23.330000000000002,0
20111229,1325088000000,23.48,23.669999999999998,23.2,23.43,1129,2655114.0000000005,0.0,0,23.48,0
20111230,1325174400000,23.8,23.99,23.7,23.919999999999998,1096,2614486.0,0.0,0,23.43,0
20120104,1325606400000,23.830000000000002,24.23,23.650000000000002,23.650000000000002,1731,4142477.9999999995,0.0,0,23.92,0
20120105,1325692800000,23.45,23.93,23.0,23.36,1852,4344374.0,0.0,0,23.65,0
20120106,1325779200000,23.18,23.39,22.37,23.1,1936,4433839.0,0.0,0,23.36,0
20120109,1326038400000,23.3,24.15,22.52,24.12,2794,6525310.000000001,0.0,0,23.099999999999998,0
20120110,1326124800000,24.1,25.21,23.91,25.0,3206,7912175.000000001,0.0,0,24.12,0
20120111,1326211200000,25.0,25.29,24.73,25.26,2204,5516770.999999999,0.0,0,25.0,0
20120112,1326297600000,25.01,25.400000000000002,24.650000000000002,25.000000000000004,3045,7592044.0,0.0,0,25.26,0
20120113,1326384000000,24.71,25.18,22.8,24.19,4342,10525990.0,0.0,0,25.0,0
20120116,1326643200000,23.9,23.9,21.77,21.89,3575,8095011.0,0.0,0,24.189999999999998,0
20120117,1326729600000,22.18,22.93,21.54,22.8,3862,8606998.0,0.0,0,21.89,0
20120118,1326816000000,22.55,22.950000000000003,22.01,22.03,2880,6492062.0,0.0,0,22.8,0
20120119,1326902400000,22.2,22.49,21.72,22.419999999999998,2071,4613344.000000001,0.0,0,22.029999999999998,0
20120120,1326988800000,22.35,23.05,22.3,23.0,2235,5096530.000000001,0.0,0,22.42,0
20120130,1327852800000,23.080000000000002,23.37,22.85,23.080000000000002,2197,5077442.0,0.0,0,23.0,0
20120131,1327939200000,23.160000000000004,23.160000000000004,22.650000000000002,23.070000000000004,1403,3204237.0000000005,0.0,0,23.080000000000002,0
20120201,1328025600000,23.08,23.43,22.93,23.36,1953,4536337.0,0.0,0,23.07,0
20120202,1328112000000,23.45,23.76,23.3,23.7,1981,4659529.0,0.0,0,23.36,0
20120203,1328198400000,23.46,24.3,23.45,24.14,2038,4864880.0,0.0,0,23.7,0
20120206,1328457600000,24.14,24.17,23.85,24.05,1335,3204687.9999999995,0.0,0,24.14,0
20120207,1328544000000,23.98,24.03,23.26,23.400000000000002,1238,2920431.0,0.0,0,24.05,0
20120208,1328630400000,23.4,24.1,23.32,24.01,3361,7953111.999999999,0.0,0,23.4,0
20120209,1328716800000,23.95,24.4,23.84,24.18,2910,7029515.0,0.0,0,24.01,0
20120210,1328803200000,24.080000000000002,24.290000000000003,23.92,24.150000000000002,2237,5401677.0,0.0,0,24.180000000000003,0
20120213,1329062400000,23.75,24.54,23.75,24.4,3687,8968714.0,0.0,0,24.15,0
20120214,1329148800000,24.400000000000002,24.57,24.21,24.46,3681,9001946.000000002,0.0,0,24.400000000000002,0
20120215,1329235200000,24.400000000000002,24.69,24.400000000000002,24.650000000000002,2334,5732218.0,0.0,0,24.46,0
20120216,1329321600000,24.7,24.71,24.29,24.58,3103,7615358.0,0.0,0,24.65,0
20120217,1329408000000,24.560000000000002,24.880000000000003,24.150000000000002,24.42,1457,3559700.0,0.0,0,24.580000000000002,0
20120220,1329667200000,24.880000000000003,25.03,24.6,24.89,4215,10467103.0,0.0,0,24.42,0
20120221,1329753600000,24.89,25.28,24.78,25.28,2999,7503285.0,0.0,0,24.89,0
20120222,1329840000000,25.57,25.98,25.1,25.98,4059,10390126.000000002,0.0,0,25.28,0
20120223,1329926400000,26.0,26.0,25.61,26.0,2730,7051538.0,0.0,0,25.98,0
20120224,1330012800000,25.99,26.18,25.86,26.0,2596,6743227.0,0.0,0,26.0,0
20120227,1330272000000,25.95,26.45,25.8,25.92,4980,13025343.0,0.0,0,26.0,0
20120228,1330358400000,25.91,26.490000000000002,25.71,26.3,5743,14925566.0,0.0,0,25.92,0
20120229,1330444800000,25.87,25.87,24.91,25.0,5747,14542907.0,0.0,0,26.3,0
20120301,1330531200000,25.0,25.270000000000003,24.92,25.240000000000002,2579,6479236.0,0.0,0,25.0,0
20120302,1330617600000,25.39,26.24,25.0,26.02,5933,15284332.0,0.0,0,25.24,0
20120305,1330876800000,25.91,26.44,25.91,26.16,3400,8913120.0,0.0,0,26.02,0
20120306,1330963200000,26.18,26.91,26.03,26.8,5521,14634412.0,0.0,0,26.16,0
20120307,1331049600000,26.57,27.07,26.46,26.5,2659,7119586.0,0.0,0,26.8,0
20120308,1331136000000,26.6,26.91,26.59,26.65,1752,4687998.0,0.0,0,26.5,0
20120309,1331222400000,26.82,27.16,26.82,27.13,4187,11329041.0,0.0,0,26.65,0
20120312,1331481600000,27.35,28.18,27.21,27.5,8340,23028281.000000004,0.0,0,27.130000000000003,0
20120313,1331568000000,27.1,27.580000000000002,26.400000000000002,26.76,16486,44321878.0,0.0,0,27.500000000000004,0
20120314,1331654400000,26.78,28.0,26.76,26.950000000000003,18960,51677548.0,0.0,0,26.76,0
20120315,1331740800000,26.86,27.099999999999998,26.11,26.689999999999998,5891,15623407.000000002,0.0,0,26.95,0
20120316,1331827200000,26.69,26.900000000000002,26.310000000000002,26.820000000000004,5216,13903131.000000002,0.0,0,26.69,0
20120319,1332086400000,26.9,26.9,26.61,26.8,4640,12428440.0,0.0,0,26.82,0
20120320,1332172800000,26.71,26.849999999999998,25.7,25.8,5827,15202504.0,0.0,0,26.8,0
20120321,1332259200000,25.990000000000002,25.990000000000002,25.14,25.400000000000002,3714,9473865.0,0.0,0,25.8,0
20120322,1332345600000,25.33,25.53,25.27,25.44,2370,6023573.0,0.0,0,25.4,0
20120323,1332432000000,25.490000000000002,25.490000000000002,25.03,25.28,1592,4014392.0,0.0,0,25.44,0
20120326,1332691200000,25.13,25.48,25.13,25.4,1507,3817321.0,0.0,0,25.279999999999998,0
20120327,1332777600000,25.25,25.51,25.0,25.2,2157,5427813.0,0.0,0,25.4,0
20120328,1332864000000,25.07,25.07,24.19,24.200000000000003,1971,4826470.0,0.0,0,25.200000000000003,0
20120329,1332950400000,24.150000000000002,24.2,23.71,23.900000000000002,1289,3090187.0,0.0,0,24.2,0
20120330,1333036800000,23.76,24.0,23.01,23.35,1384,3259382.0,0.0,0,23.900000000000002,0
20120405,1333555200000,23.3,24.000000000000004,23.080000000000002,24.000000000000004,1966,4670652.0,0.0,0,23.35,0
20120406,1333641600000,24.000000000000004,24.000000000000004,24.000000000000004,24.000000000000004,0,0.0,0.0,0,24.000000000000004,1
20120409,1333900800000,23.91,24.18,23.6,24.040000000000003,1323,3169512.0,0.0,0,24.0,0
20120410,1333987200000,24.1,24.1,23.28,24.1,1219,2902417.0,0.0,0,24.040000000000003,0
20120411,1334073600000,23.9,24.05,23.7,23.95,781,1864175.0000000002,0.0,0,24.099999999999998,0
20120412,1334160000000,23.87,24.650000000000002,23.87,24.39,1727,4179134.0,0.0,0,23.95,0
20120413,1334246400000,24.32,24.57,24.3,24.57,2211,5401225.0,0.0,0,24.39,0
20120416,1334505600000,24.52,24.8,24.5,24.71,2982,7342538.0,0.0,0,24.57,0
20120417,1334592000000,24.6,24.67,24.01,24.07,2458,5946486.000000001,0.0,0,24.71,0
20120418,1334678400000,24.16,24.45,23.91,24.330000000000002,2625,6351708.0,0.0,0,24.07,0
20120419,1334764800000,24.4,25.32,24.2,25.009999999999998,5845,14534672.000000002,0.0,0,24.33,0
20120420,1334851200000,25.14,25.15,24.86,25.09,4040,10103773.0,0.0,0,25.009999999999998,0
20120423,1335110400000,24.85,25.05,24.05,24.150000000000002,3803,9301083.0,0.0,0,25.09,0
20120424,1335196800000,11.22,11.97,11.22,11.5,4704,5438859.0,0.0,0,11.98,0
20120425,1335283200000,11.7,12.65,11.66,12.65,41602,52452550.0,0.0,0,11.5,0
20120426,1335369600000,13.22,13.57,12.620000000000001,12.620000000000001,52688,68846928.0,0.0,0,12.65,0
20120427,1335456000000,12.1,12.61,11.51,11.89,28858,34689080.0,0.0,0,12.62,0
20120502,1335888000000,12.020000000000001,12.450000000000001,11.97,12.38,26691,32488980.000000004,0.0,0,11.89,0
20120503,1335974400000,12.24,13.080000000000002,12.120000000000001,12.690000000000001,24620,30964829.000000004,0.0,0,12.38,0
20120504,1336060800000,12.620000000000001,12.84,12.47,12.520000000000001,17475,21991755.0,0.0,0,12.690000000000001,0
20120507,1336320000000,12.52,12.95,12.24,12.8,17905,22614327.0,0.0,0,12.52,0
20120508,1336406400000,12.81,12.85,12.42,12.63,14619,18430666.0,0.0,0,12.8,0
20120509,1336492800000,12.5,12.5,12.13,12.190000000000001,13151,16104365.999999998,0.0,0,12.63,0
20120510,1336579200000,12.21,12.340000000000002,12.13,12.190000000000001,6245,7634367.000000001,0.0,0,12.190000000000001,0
20120511,1336665600000,12.190000000000001,12.350000000000001,12.13,12.15,5889,7199575.0,0.0,0,12.190000000000001,0
20120514,1336924800000,12.260000000000002,12.3,12.120000000000001,12.13,5777,7062396.0,0.0,0,12.15,0
20120515,1337011200000,12.129999999999999,12.17,11.93,12.1,5246,6311609.0,0.0,0,12.129999999999999,0
20120516,1337097600000,12.14,12.14,11.98,11.98,3589,4321240.0,0.0,0,12.1,0
20120517,1337184000000,11.98,12.18,11.93,12.1,6287,7584878.0,0.0,0,11.98,0
20120518,1337270400000,12.000000000000002,12.06,11.700000000000001,11.72,6180,7347297.0,0.0,0,12.100000000000001,0
20120521,1337529600000,11.71,11.9,11.63,11.8,4668,5500088.0,0.0,0,11.72,0
20120522,1337616000000,11.81,12.030000000000001,11.81,11.940000000000001,5157,6161540.0,0.0,0,11.8,0
20120523,1337702400000,11.93,11.99,11.6,11.68,4432,5209428.0,0.0,0,11.94,0
20120524,1337788800000,11.620000000000001,11.700000000000001,11.55,11.65,3814,4430717.0,0.0,0,11.680000000000001,0
20120525,1337875200000,11.66,11.66,11.33,11.4,4161,4783748.0,0.0,0,11.65,0
20120528,1338134400000,11.4,11.48,11.26,11.45,2692,3053529.0,0.0,0,11.4,0
20120529,1338220800000,11.63,11.700000000000001,11.450000000000001,11.64,4319,5006959.0,0.0,0,11.450000000000001,0
20120530,1338307200000,11.750000000000002,12.06,11.620000000000001,11.8,5903,7014093.0,0.0,0,11.64,0
20120531,1338393600000,11.7,12.37,11.6,12.16,15748,18979926.0,0.0,0,11.799999999999999,0
20120601,1338480000000,12.1,12.3,11.92,12.05,6256,7532242.0,0.0,0,12.16,0
20120604,1338739200000,11.98,11.98,11.51,11.51,6450,7536457.0,0.0,0,12.05,0
20120605,1338825600000,11.55,11.68,11.41,11.540000000000001,4074,4689526.0,0.0,0,11.51,0
20120606,1338912000000,11.55,11.55,11.31,11.35,3411,3907840.0,0.0,0,11.540000000000001,0
20120607,1338998400000,11.540000000000001,11.540000000000001,11.22,11.280000000000001,3235,3690313.0,0.0,0,11.350000000000001,0
20120608,1339084800000,11.44,11.45,11.25,11.31,2436,2761069.0,0.0,0,11.28,0
20120611,1339344000000,11.28,11.58,11.28,11.5,3127,3591912.0,0.0,0,11.309999999999999,0
20120612,1339430400000,11.500000000000002,11.63,11.450000000000001,11.510000000000002,3965,4568138.0,0.0,0,11.500000000000002,0
20120613,1339516800000,11.59,11.700000000000001,11.48,11.68,5634,6546466.000000001,0.0,0,11.51,0
20120614,1339603200000,11.66,12.66,11.620000000000001,12.39,24930,30519243.0,0.0,0,11.680000000000001,0
20120615,1339689600000,12.4,12.55,12.030000000000001,12.180000000000001,16357,20078732.0,0.0,0,12.39,0
20120618,1339948800000,12.13,12.370000000000001,12.13,12.370000000000001,12805,15690786.0,0.0,0,12.180000000000001,0
20120619,1340035200000,12.370000000000001,13.01,12.31,12.780000000000001,34741,44377103.0,0.0,0,12.370000000000001,0
20120620,1340121600000,12.7,12.97,12.5,12.87,18191,23074740.0,0.0,0,12.78,0
20120621,1340208000000,12.72,12.73,12.25,12.3,11538,14365199.999999998,0.0,0,12.87,0
20120625,1340553600000,12.4,12.52,12.0,12.0,7308,8955588.0,0.0,0,12.3,0
20120626,1340640000000,11.91,11.979999999999999,11.69,11.95,6705,7923778.0,0.0,0,12.0,0
20120627,1340726400000,12.1,13.15,12.09,13.15,30478,39632714.00000001,0.0,0,11.95,0
20120628,1340812800000,13.6,14.19,13.33,13.65,79593,109145243.00000001,0.0,0,13.15,0
20120629,1340899200000,13.51,13.959999999999999,13.18,13.83,50042,68205226.00000001,0.0,0,13.65,0
20120702,1341158400000,13.9,14.57,13.56,14.06,56869,80142256.0,0.0,0,13.83,0
20120703,1341244800000,14.0,15.47,13.84,15.47,61448,91203445.0,0.0,0,14.06,0
20120704,1341331200000,15.950000000000001,15.96,14.47,14.88,80045,121478318.00000001,0.0,0,15.47,0
20120705,1341417600000,14.58,14.680000000000001,14.3,14.47,37168,53692358.0,0.0,0,14.88,0
20120706,1341504000000,14.4,14.68,13.81,14.47,50244,71522193.0,0.0,0,14.47,0
20120709,1341763200000,14.330000000000002,15.920000000000002,14.030000000000001,15.280000000000001,99482,151062282.0,0.0,0,14.47,0
20120710,1341849600000,14.78,15.28,14.42,14.9,51387,75971088.0,0.0,0,15.28,0
20120711,1341936000000,15.08,15.08,13.65,14.1,56477,81219738.0,0.0,0,14.9,0
20120712,1342022400000,13.99,14.49,13.52,14.129999999999999,44710,62924683.0,0.0,0,14.1,0
20120713,1342108800000,14.100000000000001,14.46,13.8,13.860000000000001,37761,53379027.0,0.0,0,14.13,0
20120716,1342368000000,13.370000000000001,13.48,12.47,12.47,45412,58249434.0,0.0,0,13.860000000000001,0
20120717,1342454400000,12.02,12.36,11.83,12.35,18642,22602389.0,0.0,0,12.47,0
20120718,1342540800000,12.13,13.05,12.13,12.920000000000002,29402,37296244.0,0.0,0,12.350000000000001,0
20120719,1342627200000,12.840000000000002,13.350000000000001,12.71,12.81,20820,27185466.0,0.0,0,12.920000000000002,0
20120720,1342713600000,12.74,13.000000000000002,12.620000000000001,12.65,12501,16005862.000000002,0.0,0,12.81,0
20120723,1342972800000,12.74,12.74,12.11,12.42,13485,16653581.0,0.0,0,12.649999999999999,0
20120724,1343059200000,12.260000000000002,13.100000000000001,12.21,13.090000000000002,28921,37026899.99999999,0.0,0,12.420000000000002,0
20120725,1343145600000,12.9,13.15,12.75,12.78,16439,21285661.0,0.0,0,13.09,0
20120726,1343232000000,12.8,13.3,12.72,12.97,22753,29770062.0,0.0,0,12.780000000000001,0
20120727,1343318400000,12.97,13.08,12.3,12.430000000000001,18046,22655829.0,0.0,0,12.97,0
20120730,1343577600000,12.4,12.54,11.5,11.7,15874,19057898.0,0.0,0,12.43,0
20120731,1343664000000,11.58,11.67,11.22,11.47,9828,11239693.0,0.0,0,11.700000000000001,0
20120801,1343750400000,11.56,12.1,11.48,11.780000000000001,10958,12974149.0,0.0,0,11.47,0
20120802,1343836800000,11.66,12.5,11.66,12.03,21709,26314140.0,0.0,0,11.78,0
20120803,1343923200000,12.059999999999999,12.37,11.86,12.35,15296,18577854.0,0.0,0,12.03,0
20120806,1344182400000,12.110000000000001,13.4,12.06,12.98,25865,32924601.999999996,0.0,0,12.35,0
20120807,1344268800000,12.85,13.4,12.75,13.06,22865,29679168.0,0.0,0,12.98,0
20120808,1344355200000,13.06,13.1,12.68,12.91,11331,14543153.0,0.0,0,13.06,0
20120809,1344441600000,12.91,13.24,12.72,13.13,19351,25206457.0,0.0,0,12.91,0
20120810,1344528000000,13.12,13.12,12.77,12.799999999999999,12838,16526654.0,0.0,0,13.129999999999999,0
20120813,1344787200000,12.8,12.8,12.5,12.5,8497,10723984.0,0.0,0,12.8,0
20120814,1344873600000,12.6,12.6,11.91,12.39,13310,16222388.0,0.0,0,12.5,0
20120815,1344960000000,12.25,12.34,12.1,12.12,7201,8797266.0,0.0,0,12.389999999999999,0
20120816,1345046400000,12.03,12.3,11.99,12.11,6997,8522918.0,0.0,0,12.120000000000001,0
20120817,1345132800000,12.15,12.15,11.91,12.040000000000001,4932,5921265.0,0.0,0,12.11,0
20120820,1345392000000,11.9,12.270000000000001,11.700000000000001,12.23,5441,6536574.000000001,0.0,0,12.040000000000001,0
20120821,1345478400000,12.12,12.59,12.11,12.49,10395,12928916.000000002,0.0,0,12.229999999999999,0
20120822,1345564800000,12.500000000000002,12.580000000000002,12.030000000000001,12.120000000000001,10926,13521425.0,0.0,0,12.490000000000002,0
20120823,1345651200000,12.129999999999999,12.49,12.1,12.48,9002,11078267.999999998,0.0,0,12.12,0
20120824,1345737600000,12.47,12.47,11.91,11.93,8421,10241942.000000002,0.0,0,12.48,0
20120827,1345996800000,11.850000000000001,11.870000000000001,11.55,11.600000000000001,6408,7483680.0,0.0,0,11.930000000000001,0
20120828,1346083200000,11.56,12.200000000000001,11.56,11.89,11289,13413915.0,0.0,0,11.6,0
20120829,1346169600000,11.8,12.06,11.71,11.73,5423,6437643.000000001,0.0,0,11.89,0
20120830,1346256000000,11.73,11.84,11.15,11.360000000000001,8102,9266106.0,0.0,0,11.73,0
20120831,1346342400000,11.360000000000001,11.56,11.3,11.49,3560,4077451.0,0.0,0,11.360000000000001,0
20120903,1346601600000,11.3,11.74,11.3,11.73,5457,6341837.0,0.0,0,11.49,0
20120904,1346688000000,11.65,11.98,11.65,11.69,6849,8095663.999999999,0.0,0,11.73,0
20120905,1346774400000,11.65,11.96,11.65,11.94,8040,9539768.000000002,0.0,0,11.69,0
20120906,1346860800000,11.92,12.17,11.85,12.12,9168,11025181.000000002,0.0,0,11.94,0
20120907,1346947200000,12.19,12.549999999999999,12.11,12.399999999999999,17255,21342758.0,0.0,0,12.12,0
20120910,1347206400000,12.31,12.47,12.16,12.3,10269,12632033.0,0.0,0,12.4,0
20120911,1347292800000,12.25,12.74,12.21,12.340000000000002,15505,19320118.0,0.0,0,12.3,0
20120912,1347379200000,12.370000000000001,12.440000000000001,12.21,12.33,11961,14690055.0,0.0,0,12.340000000000002,0
20120913,1347465600000,12.190000000000001,12.47,12.120000000000001,12.120000000000001,8612,10574243.000000002,0.0,0,12.330000000000002,0
20120914,1347552000000,12.23,12.370000000000001,12.030000000000001,12.270000000000001,9082,11126645.0,0.0,0,12.120000000000001,0
20120917,1347811200000,12.27,13.1,12.0,12.64,30144,38278468.0,0.0,0,12.27,0
20120918,1347897600000,12.4,12.520000000000001,12.200000000000001,12.360000000000001,12981,16047864.0,0.0,0,12.64,0
20120919,1347984000000,12.35,12.88,12.24,12.6,14349,18111863.0,0.0,0,12.36,0
20120920,1348070400000,12.500000000000002,12.500000000000002,11.700000000000001,11.72,14203,17128952.0,0.0,0,12.600000000000001,0
20120921,1348156800000,11.51,11.790000000000001,11.15,11.15,13963,15934717.999999998,0.0,0,11.72,0
20120924,1348416000000,10.97,11.17,10.58,10.95,9354,10124077.0,0.0,0,11.15,0
20120925,1348502400000,10.85,11.07,10.75,10.78,4232,4595369.000000001,0.0,0,10.95,0
20120926,1348588800000,10.8,10.870000000000001,10.370000000000001,10.370000000000001,6002,6349004.0,0.0,0,10.780000000000001,0
20120927,1348675200000,10.48,10.74,10.33,10.64,5976,6300414.0,0.0,0,10.37,0
20120928,1348761600000,10.65,10.95,10.6,10.93,5212,5662917.0,0.0,0,10.639999999999999,0
20121008,1349625600000,10.81,10.99,10.75,10.87,4015,4352114.999999999,0.0,0,10.93,0
20121009,1349712000000,10.92,11.540000000000001,10.91,11.4,8097,9183592.0,0.0,0,10.870000000000001,0
20121010,1349798400000,11.31,11.68,11.31,11.38,7301,8353979.000000001,0.0,0,11.4,0
20121011,1349884800000,11.39,11.53,11.16,11.16,5400,6142850.0,0.0,0,11.38,0
20121012,1349971200000,11.28,11.38,11.0,11.12,4480,4989812.000000001,0.0,0,11.16,0
20121015,1350230400000,10.719999999999999,10.77,10.01,10.06,20619,21130408.0,0.0,0,11.12,0
20121016,1350316800000,10.05,10.120000000000001,9.97,10.05,9936,9993586.0,0.0,0,10.06,0
20121017,1350403200000,10.1,10.21,9.98,10.16,6557,6627508.000000001,0.0,0,10.05,0
20121018,1350489600000,10.07,10.27,10.07,10.25,14318,14619351.0,0.0,0,10.16,0
20121019,1350576000000,10.24,10.28,10.09,10.17,13062,13264679.0,0.0,0,10.25,0
20121022,1350835200000,10.16,10.26,10.06,10.26,8187,8313422.0,0.0,0,10.17,0
20121023,1350921600000,10.290000000000001,10.34,10.08,10.1,9630,9824658.999999998,0.0,0,10.26,0
20121024,1351008000000,10.120000000000001,10.120000000000001,9.99,10.03,7909,7937978.0,0.0,0,10.1,0
20121025,1351094400000,10.06,10.11,10.0,10.07,4655,4681652.0,0.0,0,10.03,0
20121026,1351180800000,10.0,10.0,9.6,9.68,8584,8378041.000000001,0.0,0,10.07,0
20121029,1351440000000,9.67,9.95,9.5,9.9,7764,7569519.0,0.0,0,9.68,0
20121030,1351526400000,9.7,9.979999999999999,9.61,9.68,16529,16205544.999999998,0.0,0,9.899999999999999,0
20121031,1351612800000,9.620000000000001,9.63,9.23,9.35,14256,13275962.0,0.0,0,9.68,0
20121101,1351699200000,9.360000000000001,9.48,9.3,9.4,12276,11552928.0,0.0,0,9.350000000000001,0
20121102,1351785600000,9.42,9.47,9.3,9.42,10349,9696038.000000002,0.0,0,9.4,0
20121105,1352044800000,9.4,9.41,9.27,9.299999999999999,8730,8136931.0,0.0,0,9.42,0
20121106,1352131200000,9.330000000000002,9.360000000000001,9.200000000000001,9.340000000000002,8112,7533405.0,0.0,0,9.3,0
20121107,1352217600000,9.34,10.18,9.28,9.85,32810,32049138.0,0.0,0,9.34,0
20121108,1352304000000,9.6,10.11,9.52,9.809999999999999,36756,36323512.0,0.0,0,9.85,0
20121109,1352390400000,9.73,9.95,9.52,9.65,16355,15854125.000000002,0.0,0,9.809999999999999,0
20121112,1352649600000,9.64,9.64,8.790000000000001,9.31,15984,14778130.000000002,0.0,0,9.65,0
20121113,1352736000000,9.3,9.3,8.99,9.0,12333,11188120.0,0.0,0,9.31,0
20121114,1352822400000,9.08,9.08,8.9,9.08,5858,5272593.0,0.0,0,9.0,0
20121115,1352908800000,8.9,9.0,8.68,8.76,5524,4895024.0,0.0,0,9.08,0
20121116,1352995200000,8.69,8.78,8.66,8.7,4444,3872794.9999999995,0.0,0,8.76,0
20121119,1353254400000,8.6,8.889999999999999,8.6,8.87,3783,3306845.0,0.0,0,8.7,0
20121120,1353340800000,8.87,8.96,8.75,8.83,4058,3595027.0,0.0,0,8.87,0
20121121,1353427200000,8.91,9.030000000000001,8.8,8.97,4585,4083338.0,0.0,0,8.83,0
20121122,1353513600000,8.98,9.76,8.91,9.290000000000001,21794,20482933.0,0.0,0,8.97,0
20121123,1353600000000,9.18,9.290000000000001,9.06,9.16,10185,9326631.000000002,0.0,0,9.290000000000001,0
20121126,1353859200000,9.14,9.36,8.83,8.91,5656,5111751.0,0.0,0,9.16,0
20121127,1353945600000,8.91,8.91,8.24,8.24,9512,8057018.0,0.0,0,8.91,0
20121128,1354032000000,8.25,8.25,8.07,8.1,3695,3002787.0,0.0,0,8.24,0
20121129,1354118400000,8.17,8.2,8.03,8.059999999999999,2699,2188589.0000000005,0.0,0,8.1,0
20121130,1354204800000,8.1,8.149999999999999,8.03,8.149999999999999,3187,2582878.0000000005,0.0,0,8.059999999999999,0
20121203,1354464000000,8.14,8.15,7.88,7.88,4271,3407027.0,0.0,0,8.15,0
20121204,1354550400000,7.85,8.0,7.71,7.96,5471,4282476.0,0.0,0,7.88,0
20121205,1354636800000,7.95,8.27,7.88,8.24,12333,10103740.0,0.0,0,7.96,0
20121206,1354723200000,8.22,8.290000000000001,8.16,8.23,7215,5924707.000000001,0.0,0,8.24,0
20121207,1354809600000,8.2,8.51,8.2,8.43,10846,9100551.0,0.0,0,8.229999999999999,0
20121210,1355068800000,8.51,8.66,8.49,8.59,12412,10625655.0,0.0,0,8.43,0
20121211,1355155200000,8.52,8.64,8.49,8.49,7702,6583443.0,0.0,0,8.59,0
20121212,1355241600000,8.49,8.49,8.28,8.45,8169,6839864.0,0.0,0,8.49,0
20121213,1355328000000,8.42,8.48,8.25,8.25,5786,4851652.0,0.0,0,8.45,0
20121214,1355414400000,8.21,8.66,8.21,8.56,16580,14106046.000000002,0.0,0,8.25,0
20121217,1355673600000,8.52,9.42,8.5,9.07,32702,29548444.999999996,0.0,0,8.56,0
20121218,1355760000000,8.99,9.139999999999999,8.86,8.99,21101,18996702.999999996,0.0,0,9.07,0
20121219,1355846400000,8.9,9.120000000000001,8.9,9.040000000000001,13882,12518481.999999998,0.0,0,8.99,0
20121220,1355932800000,8.98,9.270000000000001,8.8,9.190000000000001,22738,20537127.0,0.0,0,9.040000000000001,0
20121221,1356019200000,9.190000000000001,9.23,9.05,9.110000000000001,17628,16103238.0,0.0,0,9.190000000000001,0
20121224,1356278400000,9.08,9.18,9.01,9.07,11207,10184470.0,0.0,0,9.11,0
20121225,1356364800000,9.03,9.8,9.01,9.379999999999999,29587,27704891.0,0.0,0,9.07,0
20121226,1356451200000,9.36,9.629999999999999,9.35,9.58,23272,22055159.0,0.0,0,9.379999999999999,0
20121227,1356537600000,9.6,9.66,9.32,9.33,18956,17831442.000000004,0.0,0,9.58,0
20121228,1356624000000,9.3,9.4,9.15,9.360000000000001,9964,9262868.0,0.0,0,9.33,0
20121231,1356883200000,9.35,9.44,9.27,9.32,10653,9934274.0,0.0,0,9.36,0
20130104,1357228800000,9.38,9.58,9.32,9.35,10374,9755352.0,0.0,0,9.32,0
20130107,1357488000000,9.5,9.85,9.5,9.64,30234,29341762.000000004,0.0,0,9.35,0
20130108,1357574400000,9.61,9.83,9.61,9.719999999999999,24351,23707374.0,0.0,0,9.639999999999999,0
20130109,1357660800000,9.709999999999999,9.83,9.59,9.66,16558,16080290.000000002,0.0,0,9.72,0
20130110,1357747200000,9.629999999999999,9.76,9.61,9.76,13394,12973337.999999998,0.0,0,9.66,0
20130111,1357833600000,9.86,9.91,9.51,9.53,19009,18483921.0,0.0,0,9.76,0
20130114,1358092800000,9.5,9.879999999999999,9.44,9.85,20193,19672082.0,0.0,0,9.53,0
20130115,1358179200000,9.84,10.110000000000001,9.81,10.08,34227,34276932.0,0.0,0,9.85,0
20130116,1358265600000,10.09,10.21,9.82,9.950000000000001,24502,24471679.0,0.0,0,10.08,0
20130117,1358352000000,9.91,10.04,9.77,9.809999999999999,15374,15205547.0,0.0,0,9.95,0
20130118,1358438400000,9.88,10.19,9.66,10.1,35580,35468156.00000001,0.0,0,9.81,0
20130121,1358697600000,10.100000000000001,10.100000000000001,9.89,9.97,26639,26564202.0,0.0,0,10.100000000000001,0
20130122,1358784000000,9.950000000000001,10.05,9.63,9.690000000000001,25838,25532515.0,0.0,0,9.97,0
20130123,1358870400000,9.65,9.67,9.34,9.51,19396,18359102.0,0.0,0,9.69,0
20130124,1358956800000,9.51,9.63,9.08,9.17,30314,28381819.999999996,0.0,0,9.51,0
20130125,1359043200000,9.200000000000001,9.23,9.05,9.110000000000001,13327,12195604.000000002,0.0,0,9.17,0
20130128,1359302400000,9.11,9.35,9.11,9.299999999999999,24516,22720800.0,0.0,0,9.11,0
20130129,1359388800000,9.25,9.42,9.24,9.39,23447,21878134.0,0.0,0,9.3,0
20130130,1359475200000,9.379999999999999,9.4,9.18,9.33,17182,15987310.0,0.0,0,9.39,0
20130131,1359561600000,9.33,9.63,9.3,9.520000000000001,24016,22809637.0,0.0,0,9.33,0
20130201,1359648000000,9.469999999999999,9.6,9.36,9.49,18690,17736850.0,0.0,0,9.52,0
20130204,1359907200000,9.48,9.56,9.17,9.209999999999999,18785,17452879.0,0.0,0,9.49,0
20130205,1359993600000,9.120000000000001,9.41,9.120000000000001,9.350000000000001,10199,9501388.0,0.0,0,9.21,0
20130206,1360080000000,9.379999999999999,9.52,9.34,9.459999999999999,11797,11126236.0,0.0,0,9.35,0
20130207,1360166400000,9.459999999999999,9.51,9.34,9.42,9815,9249514.0,0.0,0,9.459999999999999,0
20130208,1360252800000,9.42,9.59,9.42,9.56,13373,12748196.0,0.0,0,9.42,0
20130218,1361116800000,9.620000000000001,9.850000000000001,9.55,9.84,21647,21109004.0,0.0,0,9.56,0
20130219,1361203200000,9.860000000000001,10.07,9.65,9.790000000000001,31438,31003330.0,0.0,0,9.84,0
20130220,1361289600000,9.780000000000001,10.100000000000001,9.72,10.100000000000001,27428,27278671.000000004,0.0,0,9.790000000000001,0
20130221,1361376000000,10.01,10.219999999999999,9.85,9.94,27837,27853057.0,0.0,0,10.1,0
20130222,1361462400000,9.86,10.02,9.83,9.86,17376,17235247.0,0.0,0,9.94,0
20130225,1361721600000,9.9,9.97,9.700000000000001,9.82,16097,15785652.0,0.0,0,9.860000000000001,0
20130226,1361808000000,9.91,10.18,9.77,9.809999999999999,24316,24259124.0,0.0,0,9.82,0
20130227,1361894400000,9.83,9.950000000000001,9.55,9.66,18585,18035654.0,0.0,0,9.81,0
20130228,1361980800000,9.67,9.84,9.58,9.82,14392,14026767.000000002,0.0,0,9.66,0
20130301,1362067200000,9.84,10.3,9.8,10.22,46882,47373144.0,0.0,0,9.82,0
20130304,1362326400000,10.17,10.78,10.11,10.379999999999999,59439,62207583.0,0.0,0,10.219999999999999,0
20130305,1362412800000,10.32,10.88,10.290000000000001,10.8,51515,54236139.0,0.0,0,10.38,0
20130306,1362499200000,10.799999999999999,10.93,10.61,10.86,40528,43544043.00000001,0.0,0,10.799999999999999,0
20130307,1362585600000,10.8,10.8,10.24,10.42,31394,33043520.999999996,0.0,0,10.86,0
20130308,1362672000000,10.39,10.48,10.290000000000001,10.3,14366,14902829.0,0.0,0,10.420000000000002,0
20130311,1362931200000,10.28,11.33,10.28,11.09,56708,62199573.00000001,0.0,0,10.299999999999999,0
20130312,1363017600000,10.99,11.08,10.33,10.5,37685,40263266.0,0.0,0,11.09,0
20130313,1363104000000,10.4,10.58,10.13,10.38,15522,15979926.0,0.0,0,10.5,0
20130314,1363190400000,10.47,10.73,10.32,10.35,18913,19860697.0,0.0,0,10.38,0
20130315,1363276800000,10.26,10.39,9.97,10.180000000000001,24365,24877497.0,0.0,0,10.350000000000001,0
20130318,1363536000000,10.15,10.21,9.82,9.82,17749,17710205.0,0.0,0,10.18,0
20130319,1363622400000,9.85,9.879999999999999,9.61,9.84,11780,11485577.999999998,0.0,0,9.82,0
20130320,1363708800000,9.8,10.16,9.8,10.120000000000001,13016,13040247.0,0.0,0,9.84,0
20130321,1363795200000,10.1,10.25,10.03,10.139999999999999,15955,16199596.0,0.0,0,10.12,0
20130322,1363881600000,10.18,10.2,10.01,10.1,9826,9931581.0,0.0,0,10.14,0
20130325,1364140800000,10.15,10.3,10.06,10.23,10891,11084576.0,0.0,0,10.1,0
20130326,1364227200000,10.22,10.22,9.870000000000001,10.000000000000002,13474,13428822.000000002,0.0,0,10.23,0
20130327,1364313600000,9.78,9.82,9.41,9.41,36309,34737305.0,0.0,0,10.0,0
20130328,1364400000000,9.33,9.33,9.03,9.18,19355,17730270.0,0.0,0,9.41,0
20130329,1364486400000,9.17,9.209999999999999,9.1,9.12,6748,6179336.0,0.0,0,9.18,0
20130401,1364745600000,9.08,9.25,9.08,9.16,9719,8928679.0,0.0,0,9.12,0
20130402,1364832000000,9.16,9.290000000000001,8.88,8.9,13490,12247946.000000002,0.0,0,9.16,0
20130403,1364918400000,8.9,8.99,8.81,8.91,9934,8846938.0,0.0,0,8.9,0
20130408,1365350400000,8.85,8.9,8.65,8.870000000000001,8477,7425582.999999999,0.0,0,8.91,0
20130409,1365436800000,8.92,9.1,8.92,8.98,9586,8628737.0,0.0,0,8.87,0
20130410,1365523200000,9.040000000000001,9.07,8.74,9.0,8800,7842889.0,0.0,0,8.98,0
20130411,1365609600000,9.0,9.14,8.9,8.97,7224,6495051.999999999,0.0,0,9.0,0
20130412,1365696000000,8.899999999999999,8.979999999999999,8.78,8.819999999999999,4672,4145762.0,0.0,0,8.969999999999999,0
20130415,1365955200000,8.73,8.83,8.66,8.68,3502,3063412.0000000005,0.0,0,8.82,0
20130416,1366041600000,8.75,8.770000000000001,8.55,8.760000000000002,4270,3700465.0000000005,0.0,0,8.680000000000001,0
20130417,1366128000000,8.790000000000001,8.85,8.74,8.83,4801,4214715.0,0.0,0,8.76,0
20130418,1366214400000,8.75,8.9,8.75,8.83,7790,6884517.0,0.0,0,8.83,0
20130419,1366300800000,8.85,9.06,8.85,9.03,11061,9944947.0,0.0,0,8.83,0
20130422,1366560000000,8.99,9.12,8.92,9.09,11201,10158402.0,0.0,0,9.03,0
20130423,1366646400000,9.13,9.13,8.72,8.76,8939,7949595.0,0.0,0,9.09,0
20130424,1366732800000,8.77,9.120000000000001,8.73,9.09,13365,11966980.0,0.0,0,8.76,0
20130425,1366819200000,9.030000000000001,9.15,8.9,8.9,12496,11253104.0,0.0,0,9.09,0
20130426,1366905600000,8.879999999999999,8.92,8.61,8.639999999999999,8442,7393476.000000001,0.0,0,8.899999999999999,0
20130502,1367424000000,8.66,8.75,8.56,8.68,3468,3008647.0,0.0,0,8.64,0
20130503,1367510400000,8.67,8.959999999999999,8.67,8.84,7909,7008384.0,0.0,0,8.68,0
20130506,1367769600000,8.83,9.15,8.8,9.05,12530,11316579.999999998,0.0,0,8.74,0
20130507,1367856000000,9.03,9.3,9.0,9.27,16431,15093049.0,0.0,0,9.05,0
20130508,1367942400000,9.26,9.55,9.14,9.4,17744,16625077.0,0.0,0,9.270000000000001,0
20130509,1368028800000,9.4,9.540000000000001,9.200000000000001,9.350000000000001,16499,15458674.0,0.0,0,9.4,0
20130510,1368115200000,9.26,9.46,9.24,9.4,11366,10630168.0,0.0,0,9.35,0
20130513,1368374400000,9.379999999999999,9.41,9.28,9.319999999999999,7296,6815711.0,0.0,0,9.399999999999999,0
20130514,1368460800000,9.3,9.59,9.22,9.48,20693,19565652.0,0.0,0,9.32,0
20130515,1368547200000,9.520000000000001,9.65,9.31,9.59,16977,16091591.000000002,0.0,0,9.48,0
20130516,1368633600000,9.56,9.84,9.41,9.5,22710,21837764.0,0.0,0,9.59,0
20130517,1368720000000,9.440000000000001,9.64,9.370000000000001,9.57,16378,15532843.0,0.0,0,9.500000000000002,0
20130520,1368979200000,9.68,9.79,9.5,9.67,20740,20051889.0,0.0,0,9.57,0
20130521,1369065600000,9.67,10.02,9.6,10.02,29041,28561573.000000004,0.0,0,9.67,0
20130522,1369152000000,9.950000000000001,9.96,9.73,9.82,17410,17130451.0,0.0,0,10.02,0
20130523,1369238400000,9.76,9.9,9.65,9.700000000000001,14368,14026298.0,0.0,0,9.82,0
20130524,1369324800000,9.639999999999999,9.87,9.6,9.85,12245,11948001.0,0.0,0,9.7,0
20130527,1369584000000,9.85,9.959999999999999,9.77,9.85,11633,11452598.0,0.0,0,9.85,0
20130528,1369670400000,9.9,9.93,9.67,9.7,12859,12534383.0,0.0,0,9.85,0
20130529,1369756800000,9.700000000000001,9.790000000000001,9.620000000000001,9.74,14603,14171984.0,0.0,0,9.700000000000001,0
20130530,1369843200000,9.74,9.75,9.6,9.73,13591,13172365.0,0.0,0,9.74,0
20130531,1369929600000,9.72,9.940000000000001,9.63,9.82,21010,20535065.0,0.0,0,9.73,0
20130603,1370188800000,9.780000000000001,9.88,9.65,9.68,10720,10452708.0,0.0,0,9.82,0
20130604,1370275200000,9.71,9.790000000000001,9.24,9.31,15506,14704531.0,0.0,0,9.68,0
20130605,1370361600000,9.3,9.360000000000001,9.200000000000001,9.24,9813,9083186.0,0.0,0,9.31,0
20130606,1370448000000,9.18,9.25,9.06,9.25,7957,7295998.000000001,0.0,0,9.24,0
20130607,1370534400000,9.200000000000001,9.25,8.96,9.07,8242,7494994.0,0.0,0,9.25,0
20130613,1371052800000,9.0,9.0,8.5,8.67,9206,7961894.0,0.0,0,9.07,0
20130614,1371139200000,8.67,8.88,8.66,8.81,7134,6271856.000000001,0.0,0,8.67,0
20130617,1371398400000,8.99,8.99,8.81,8.82,7001,6229607.0,0.0,0,8.81,0
20130618,1371484800000,8.719999999999999,8.799999999999999,8.6,8.76,5695,4958528.000000001,0.0,0,8.82,0
20130619,1371571200000,8.64,8.74,8.51,8.7,4936,4262823.0,0.0,0,8.76,0
20130620,1371657600000,8.64,8.790000000000001,8.55,8.57,4733,4113862.0,0.0,0,8.700000000000001,0
20130621,1371744000000,8.5,8.59,8.2,8.59,6431,5395511.0,0.0,0,8.569999999999999,0
20130624,1372003200000,8.52,8.52,7.9,8.0,7962,6526611.000000001,0.0,0,8.59,0
20130625,1372089600000,7.9,8.040000000000001,7.4,7.840000000000001,11683,8994190.0,0.0,0,8.0,0
20130626,1372176000000,7.71,8.23,7.71,8.15,13201,10559759.0,0.0,0,7.84,0
20130627,1372262400000,8.06,8.28,7.87,7.88,10441,8418701.999999998,0.0,0,8.15,0
20130628,1372348800000,7.75,7.970000000000001,7.7,7.8,4124,3222470.0000000005,0.0,0,7.88,0
20130701,1372608000000,7.67,8.0,7.67,8.0,4721,3725615.0,0.0,0,7.8,0
20130702,1372694400000,7.98,8.14,7.98,8.110000000000001,6210,4998777.000000001,0.0,0,8.0,0
20130703,1372780800000,8.09,8.09,7.74,8.02,6025,4782607.0,0.0,0,8.11,0
20130704,1372867200000,7.95,8.21,7.930000000000001,8.21,9756,7906027.0,0.0,0,8.020000000000001,0
20130705,1372953600000,8.07,9.030000000000001,8.05,8.57,31860,27105482.000000004,0.0,0,8.21,0
20130708,1373212800000,8.32,8.4,7.95,8.09,15034,12262401.0,0.0,0,8.57,0
20130709,1373299200000,8.02,8.16,8.0,8.07,4800,3882569.0,0.0,0,8.09,0
20130710,1373385600000,8.2,8.25,8.02,8.23,6804,5562087.000000001,0.0,0,8.07,0
20130711,1373472000000,8.260000000000002,8.48,8.21,8.39,11162,9317005.0,0.0,0,8.23,0
20130712,1373558400000,8.4,8.55,8.23,8.26,10418,8754378.0,0.0,0,8.39,0
20130715,1373817600000,8.26,8.459999999999999,8.2,8.35,7840,6560505.000000001,0.0,0,8.26,0
20130716,1373904000000,8.36,8.469999999999999,8.28,8.459999999999999,10292,8626668.0,0.0,0,8.35,0
20130717,1373990400000,8.45,8.49,8.25,8.28,8136,6810754.0,0.0,0,8.46,0
20130718,1374076800000,8.209999999999999,8.459999999999999,8.19,8.34,7570,6330507.0,0.0,0,8.28,0
20130719,1374163200000,8.34,8.44,8.03,8.08,7569,6261124.0,0.0,0,8.34,0
20130722,1374422400000,8.17,8.18,8.01,8.14,5704,4614800.0,0.0,0,8.08,0
20130723,1374508800000,8.15,8.7,8.0,8.48,18663,15777707.0,0.0,0,8.14,0
20130724,1374595200000,8.48,8.57,8.35,8.5,10922,9202679.0,0.0,0,8.48,0
20130725,1374681600000,8.48,8.52,8.33,8.36,8222,6928413.0,0.0,0,8.5,0
20130726,1374768000000,8.350000000000001,8.51,8.22,8.38,5951,4997167.0,0.0,0,8.360000000000001,0
20130729,1375027200000,8.350000000000001,8.540000000000001,8.3,8.530000000000001,9250,7791110.0,0.0,0,8.38,0
20130730,1375113600000,8.48,8.53,8.33,8.43,5786,4869087.0,0.0,0,8.53,0
20130731,1375200000000,8.46,8.51,8.33,8.4,7062,5951456.000000001,0.0,0,8.43,0
20130801,1375286400000,8.4,8.639999999999999,8.35,8.57,16840,14363040.0,0.0,0,8.4,0
20130802,1375372800000,8.58,9.180000000000001,8.540000000000001,8.840000000000002,28302,25148367.999999996,0.0,0,8.57,0
20130805,1375632000000,8.860000000000001,9.0,8.71,8.930000000000001,17648,15613490.999999998,0.0,0,8.840000000000002,0
20130806,1375718400000,8.879999999999999,9.01,8.85,8.92,14986,13389832.0,0.0,0,8.93,0
20130807,1375804800000,8.870000000000001,8.96,8.64,8.700000000000001,12220,10706719.000000002,0.0,0,8.92,0
20130808,1375891200000,8.75,8.88,8.65,8.82,8632,7589680.000000001,0.0,0,8.700000000000001,0
20130809,1375977600000,8.83,8.88,8.66,8.81,8162,7170075.000000001,0.0,0,8.82,0
20130812,1376236800000,8.81,8.91,8.71,8.91,13482,11900508.999999998,0.0,0,8.81,0
20130813,1376323200000,8.959999999999999,9.049999999999999,8.85,8.98,11100,9960817.0,0.0,0,8.91,0
20130814,1376409600000,8.95,9.15,8.91,9.040000000000001,14566,13146727.999999998,0.0,0,8.98,0
20130815,1376496000000,9.0,9.040000000000001,8.82,8.82,7454,6648910.000000001,0.0,0,9.040000000000001,0
20130816,1376582400000,8.7,8.99,8.5,8.5,12436,10871981.0,0.0,0,8.82,0
20130819,1376841600000,8.420000000000002,8.99,8.370000000000001,8.700000000000001,6546,5662815.000000001,0.0,0,8.500000000000002,0
20130820,1376928000000,8.73,8.8,8.58,8.65,6485,5634671.0,0.0,0,8.7,0
20130821,1377014400000,8.6,8.85,8.41,8.82,7687,6692657.000000001,0.0,0,8.65,0
20130822,1377100800000,8.83,8.879999999999999,8.76,8.86,6663,5880211.0,0.0,0,8.82,0
20130823,1377187200000,8.84,8.93,8.57,8.72,9991,8747777.0,0.0,0,8.86,0
20130826,1377446400000,8.67,8.82,8.66,8.82,7579,6641692.0,0.0,0,8.72,0
20130827,1377532800000,8.77,8.969999999999999,8.77,8.91,9180,8148613.0,0.0,0,8.82,0
20130828,1377619200000,8.8,8.870000000000001,8.700000000000001,8.72,9371,8251547.000000001,0.0,0,8.910000000000002,0
20130829,1377705600000,8.74,8.79,8.61,8.649999999999999,5801,5034498.0,0.0,0,8.719999999999999,0
20130830,1377792000000,8.6,8.7,8.25,8.3,14770,12494770.000000002,0.0,0,8.65,0
20130902,1378051200000,8.3,8.5,8.22,8.450000000000001,7899,6600547.0,0.0,0,8.3,0
20130903,1378137600000,8.4,8.65,8.39,8.59,9806,8370996.0,0.0,0,8.450000000000001,0
20130904,1378224000000,8.58,8.680000000000001,8.46,8.540000000000001,8779,7483352.000000001,0.0,0,8.590000000000002,0
20130905,1378310400000,8.98,9.39,8.83,9.39,42154,38916679.00000001,0.0,0,8.540000000000001,0
20130906,1378396800000,9.58,9.86,9.16,9.32,79210,75219721.0,0.0,0,9.39,0
20130909,1378656000000,9.21,9.250000000000002,9.040000000000001,9.22,29859,27327785.000000004,0.0,0,9.32,0
20130910,1378742400000,9.120000000000001,9.270000000000001,9.06,9.190000000000001,21222,19450337.0,0.0,0,9.22,0
20130911,1378828800000,9.190000000000001,9.22,8.89,9.01,18090,16315787.0,0.0,0,9.190000000000001,0
20130912,1378915200000,9.02,9.11,8.94,9.07,12210,11030211.0,0.0,0,9.01,0
20130913,1379001600000,9.05,9.21,9.0,9.18,13913,12697560.0,0.0,0,9.07,0
20130916,1379260800000,9.18,9.18,8.98,9.02,11841,10720237.0,0.0,0,9.18,0
20130917,1379347200000,9.06,9.06,8.82,8.83,12311,11008021.0,0.0,0,9.02,0
20130918,1379433600000,8.790000000000001,8.940000000000001,8.790000000000001,8.9,7073,6285522.000000001,0.0,0,8.83,0
20130923,1379865600000,8.98,9.05,8.84,8.99,9954,8896431.0,0.0,0,8.9,0
20130924,1379952000000,8.99,9.01,8.82,9.01,12868,11452551.0,0.0,0,8.99,0
20130925,1380038400000,9.0,9.17,8.88,9.120000000000001,15905,14364257.0,0.0,0,9.010000000000002,0
20130926,1380124800000,9.08,9.41,9.040000000000001,9.190000000000001,20090,18545875.0,0.0,0,9.120000000000001,0
20130927,1380211200000,9.149999999999999,9.28,9.11,9.18,11140,10255431.0,0.0,0,9.19,0
20130930,1380470400000,9.17,9.32,9.14,9.290000000000001,11000,10175113.0,0.0,0,9.18,0
20131008,1381161600000,9.34,9.38,9.15,9.280000000000001,12315,11408139.0,0.0,0,9.290000000000001,0
20131009,1381248000000,9.290000000000001,9.36,9.16,9.36,13438,12429224.0,0.0,0,9.28,0
20131010,1381334400000,9.370000000000001,9.370000000000001,9.22,9.270000000000001,10156,9428161.0,0.0,0,9.360000000000001,0
20131011,1381420800000,9.250000000000002,9.32,9.200000000000001,9.280000000000001,10742,9955118.0,0.0,0,9.270000000000001,0
20131014,1381680000000,9.25,9.5,9.22,9.47,18346,17098791.0,0.0,0,9.280000000000001,0
20131015,1381766400000,9.280000000000001,9.32,9.06,9.14,21955,20174757.0,0.0,0,9.47,0
20131016,1381852800000,9.3,9.360000000000001,8.950000000000001,9.020000000000001,17086,15606659.000000002,0.0,0,9.14,0
20131017,1381939200000,8.99,9.250000000000002,8.950000000000001,9.160000000000002,12837,11738993.0,0.0,0,9.020000000000001,0
20131018,1382025600000,9.200000000000001,9.280000000000001,9.06,9.1,8912,8154502.0,0.0,0,9.16,0
20131021,1382284800000,9.12,9.58,9.01,9.54,27240,25430451.999999996,0.0,0,9.1,0
20131022,1382371200000,9.49,9.76,9.31,9.55,28720,27452166.0,0.0,0,9.540000000000001,0
20131023,1382457600000,9.549999999999999,9.549999999999999,9.18,9.37,15666,14645759.0,0.0,0,9.549999999999999,0
20131024,1382544000000,9.33,9.47,9.23,9.34,9594,8958090.0,0.0,0,9.370000000000001,0
20131025,1382630400000,9.34,9.38,9.07,9.21,11079,10159647.0,0.0,0,9.34,0
20131028,1382889600000,9.170000000000002,9.200000000000001,8.96,9.100000000000001,6582,5961013.000000001,0.0,0,9.21,0
20131029,1382976000000,9.11,9.12,8.19,8.299999999999999,23790,19891347.0,0.0,0,9.1,0
20131030,1383062400000,8.29,8.44,8.25,8.36,10376,8622173.0,0.0,0,8.3,0
20131031,1383148800000,8.35,8.35,8.11,8.28,5684,4683532.0,0.0,0,8.36,0
20131101,1383235200000,8.3,8.38,8.22,8.280000000000001,4834,4002855.0000000005,0.0,0,8.280000000000001,0
20131104,1383494400000,8.1,8.33,8.01,8.33,6725,5520557.0,0.0,0,8.28,0
20131105,1383580800000,8.190000000000001,8.39,8.120000000000001,8.340000000000002,7050,5838489.0,0.0,0,8.330000000000002,0
20131106,1383667200000,8.32,8.44,8.18,8.23,7473,6198871.0,0.0,0,8.34,0
20131107,1383753600000,8.16,8.23,8.05,8.09,5392,4386794.0,0.0,0,8.23,0
20131108,1383840000000,8.08,8.19,8.02,8.139999999999999,6255,5054318.0,0.0,0,8.09,0
20131111,1384099200000,8.09,8.24,8.01,8.23,5179,4218941.999999999,0.0,0,8.14,0
20131112,1384185600000,8.180000000000001,8.290000000000001,8.120000000000001,8.270000000000001,8225,6775773.0,0.0,0,8.23,0
20131113,1384272000000,8.2,8.28,8.11,8.139999999999999,4879,3997211.0,0.0,0,8.27,0
20131114,1384358400000,8.08,8.3,8.08,8.26,9568,7873403.000000001,0.0,0,8.14,0
20131115,1384444800000,8.290000000000001,8.5,8.22,8.440000000000001,14749,12388181.0,0.0,0,8.26,0
20131118,1384704000000,8.52,8.540000000000001,8.41,8.53,10850,9201117.0,0.0,0,8.44,0
20131119,1384790400000,8.53,8.700000000000001,8.49,8.6,13487,11599406.0,0.0,0,8.53,0
20131120,1384876800000,8.6,8.629999999999999,8.51,8.61,6091,5220431.0,0.0,0,8.6,0
20131121,1384963200000,8.56,8.610000000000001,8.46,8.540000000000001,8009,6841684.0,0.0,0,8.610000000000001,0
20131122,1385049600000,8.53,8.58,8.52,8.54,5627,4808034.0,0.0,0,8.54,0
20131125,1385308800000,8.54,8.62,8.53,8.569999999999999,9020,7719423.0,0.0,0,8.54,0
20131126,1385395200000,8.52,8.65,8.52,8.629999999999999,10288,8843646.0,0.0,0,8.57,0
20131127,1385481600000,8.62,8.729999999999999,8.61,8.719999999999999,12181,10563541.0,0.0,0,8.629999999999999,0
20131128,1385568000000,8.72,8.81,8.67,8.8,14584,12769573.0,0.0,0,8.72,0
20131129,1385654400000,8.77,9.0,8.75,8.91,17845,15895337.0,0.0,0,8.8,0
20131202,1385913600000,8.71,8.73,8.16,8.25,16801,14231785.0,0.0,0,8.91,0
20131203,1386000000000,8.23,8.350000000000001,8.120000000000001,8.350000000000001,13767,11379392.000000002,0.0,0,8.250000000000002,0
20131204,1386086400000,8.370000000000001,8.55,8.31,8.46,10560,8936483.000000002,0.0,0,8.35,0
20131205,1386172800000,8.459999999999999,8.5,8.36,8.44,7585,6394623.000000001,0.0,0,8.459999999999999,0
20131206,1386259200000,8.399999999999999,8.459999999999999,8.36,8.43,5172,4349251.0,0.0,0,8.44,0
20131209,1386518400000,8.42,8.55,8.42,8.55,8342,7103103.0,0.0,0,8.43,0
20131210,1386604800000,8.66,8.780000000000001,8.57,8.65,18168,15726723.0,0.0,0,8.55,0
20131211,1386691200000,8.6,8.69,8.51,8.6,7964,6848162.0,0.0,0,8.65,0
20131212,1386777600000,8.58,8.879999999999999,8.52,8.69,16492,14345632.000000002,0.0,0,8.6,0
20131213,1386864000000,8.639999999999999,8.76,8.6,8.74,8753,7619475.0,0.0,0,8.69,0
20131216,1387123200000,8.74,8.950000000000001,8.700000000000001,8.73,15287,13435350.0,0.0,0,8.74,0
20131217,1387209600000,8.74,8.8,8.65,8.74,11082,9669330.0,0.0,0,8.73,0
20131218,1387296000000,8.75,8.75,8.5,8.63,16287,14008097.0,0.0,0,8.74,0
20131219,1387382400000,8.61,8.99,8.6,8.82,33072,29173431.0,0.0,0,8.629999999999999,0
20131220,1387468800000,8.8,8.89,8.55,8.620000000000001,12942,11280964.0,0.0,0,8.82,0
20131223,1387728000000,8.62,8.65,8.19,8.459999999999999,14924,12493321.000000002,0.0,0,8.62,0
20131224,1387814400000,8.48,8.68,8.41,8.68,12265,10515669.0,0.0,0,8.46,0
20131225,1387900800000,8.69,9.55,8.66,9.13,51999,47305452.0,0.0,0,8.68,0
20131226,1387987200000,9.82,9.82,8.86,8.899999999999999,49714,45486215.0,0.0,0,9.129999999999999,0
20131227,1388073600000,8.809999999999999,9.15,8.69,9.08,34410,30720635.0,0.0,0,8.9,0
20131230,1388332800000,9.07,9.22,8.98,9.120000000000001,24668,22395668.0,0.0,0,9.08,0
20131231,1388419200000,9.03,9.08,8.85,8.959999999999999,13358,11970799.000000002,0.0,0,9.12,0
20140102,1388592000000,8.969999999999999,9.14,8.93,9.12,17536,15868848.0,0.0,0,8.959999999999999,0
20140103,1388678400000,9.07,9.22,9.05,9.17,23195,21221217.0,0.0,0,9.120000000000001,0
20140106,1388937600000,9.18,9.2,8.75,8.9,18003,16127144.0,0.0,0,9.17,0
20140107,1389024000000,8.9,9.04,8.77,9.03,17481,15592197.000000002,0.0,0,8.9,0
20140108,1389110400000,9.059999999999999,9.25,9.02,9.08,28990,26434651.000000004,0.0,0,9.03,0
20140109,1389196800000,9.08,9.14,8.88,8.88,20154,18160358.0,0.0,0,9.08,0
20140110,1389283200000,8.82,8.88,8.38,8.510000000000002,18863,16232336.0,0.0,0,8.88,0
20140113,1389542400000,8.49,8.65,8.33,8.43,11455,9701977.999999998,0.0,0,8.51,0
20140114,1389628800000,8.43,8.67,8.35,8.65,11755,10020659.999999998,0.0,0,8.43,0
20140115,1389715200000,8.65,8.790000000000001,8.57,8.780000000000001,14474,12589646.000000002,0.0,0,8.65,0
20140116,1389801600000,8.78,8.82,8.66,8.68,9014,7882257.0,0.0,0,8.78,0
20140117,1389888000000,8.64,8.87,8.58,8.790000000000001,15767,13783753.000000002,0.0,0,8.68,0
20140120,1390147200000,8.709999999999999,8.969999999999999,8.68,8.76,13948,12327377.999999998,0.0,0,8.79,0
20140121,1390233600000,8.81,8.96,8.790000000000001,8.940000000000001,12852,11421347.000000002,0.0,0,8.760000000000002,0
20140122,1390320000000,8.950000000000001,9.13,8.9,9.06,19065,17185003.0,0.0,0,8.94,0
20140123,1390406400000,9.09,9.17,9.02,9.139999999999999,21919,20007427.0,0.0,0,9.059999999999999,0
20140124,1390492800000,9.120000000000001,9.16,9.06,9.14,23441,21372085.0,0.0,0,9.14,0
20140127,1390752000000,9.09,9.14,8.97,9.020000000000001,18397,16669851.0,0.0,0,9.14,0
20140128,1390838400000,9.02,9.07,8.82,9.0,13059,11695165.000000002,0.0,0,9.02,0
20140129,1390924800000,8.98,9.080000000000002,8.950000000000001,9.080000000000002,12596,11364848.0,0.0,0,9.000000000000002,0
20140130,1391011200000,9.07,9.1,8.91,8.97,11020,9901728.0,0.0,0,9.08,0
20140207,1391702400000,8.9,9.18,8.85,9.17,17518,15925151.0,0.0,0,8.969999999999999,0
20140210,1391961600000,9.13,9.48,9.13,9.360000000000001,42654,39704257.0,0.0,0,9.17,0
20140211,1392048000000,9.33,9.440000000000001,9.22,9.350000000000001,36447,33954857.0,0.0,0,9.360000000000001,0
20140212,1392134400000,9.33,9.52,9.28,9.52,30183,28491910.999999996,0.0,0,9.35,0
20140213,1392220800000,9.5,9.52,9.23,9.3,21465,20182577.000000004,0.0,0,9.52,0
20140214,1392307200000,9.33,9.65,9.25,9.6,31281,29588394.0,0.0,0,9.3,0
20140217,1392566400000,9.6,9.77,9.53,9.7,39801,38470729.0,0.0,0,9.6,0
20140218,1392652800000,9.700000000000001,9.770000000000001,9.56,9.71,34730,33536401.000000004,0.0,0,9.700000000000001,0
20140219,1392739200000,9.68,9.74,9.52,9.629999999999999,20597,19839627.0,0.0,0,9.709999999999999,0
20140220,1392825600000,9.66,9.7,9.33,9.39,28319,26849519.0,0.0,0,9.63,0
20140221,1392912000000,9.36,9.47,9.24,9.38,20850,19513328.0,0.0,0,9.39,0
20140224,1393171200000,9.38,9.46,9.31,9.440000000000001,20569,19356185.0,0.0,0,9.38,0
20140225,1393257600000,9.45,9.7,8.93,9.03,45096,42557076.0,0.0,0,9.44,0
20140226,1393344000000,8.95,8.99,8.76,8.94,25804,22921111.0,0.0,0,9.03,0
20140227,1393430400000,8.879999999999999,9.12,8.78,8.819999999999999,19127,17142315.0,0.0,0,8.94,0
20140228,1393516800000,8.8,9.02,8.66,8.95,14442,12721870.0,0.0,0,8.82,0
20140303,1393776000000,9.010000000000002,9.38,8.950000000000001,9.260000000000002,24851,22953950.0,0.0,0,8.950000000000001,0
20140304,1393862400000,9.22,9.25,9.05,9.24,15788,14480822.0,0.0,0,9.260000000000002,0
20140305,1393948800000,9.23,9.38,9.16,9.23,16826,15618152.999999998,0.0,0,9.24,0
20140306,1394035200000,9.280000000000001,9.280000000000001,9.06,9.270000000000001,11130,10210771.999999998,0.0,0,9.23,0
20140307,1394121600000,9.27,9.370000000000001,9.16,9.33,16026,14880700.0,0.0,0,9.27,0
20140310,1394380800000,9.24,9.33,8.94,8.959999999999999,11840,10785447.000000002,0.0,0,9.33,0
20140311,1394467200000,8.85,9.06,8.85,9.03,7670,6883554.0,0.0,0,8.959999999999999,0
20140312,1394553600000,9.020000000000001,9.08,8.8,8.96,8643,7732191.0,0.0,0,9.030000000000001,0
20140313,1394640000000,8.93,9.09,8.93,9.09,8557,7728041.000000001,0.0,0,8.959999999999999,0
20140314,1394726400000,9.09,9.16,9.01,9.1,12189,11069844.0,0.0,0,9.09,0
20140317,1394985600000,9.15,9.33,9.09,9.32,18622,17217145.0,0.0,0,9.1,0
20140318,1395072000000,9.3,9.38,9.24,9.290000000000001,16721,15560234.000000002,0.0,0,9.32,0
20140319,1395158400000,9.32,9.68,9.26,9.53,54384,51738863.0,0.0,0,9.29,0
20140320,1395244800000,9.469999999999999,9.51,9.18,9.18,28362,26599322.0,0.0,0,9.53,0
20140321,1395331200000,9.2,9.56,9.18,9.549999999999999,35012,32927941.0,0.0,0,9.18,0
20140324,1395590400000,9.5,9.9,9.43,9.75,82841,80788288.0,0.0,0,9.549999999999999,0
20140325,1395676800000,9.61,9.62,9.34,9.44,49088,46515159.0,0.0,0,9.75,0
20140326,1395763200000,9.41,9.57,9.370000000000001,9.440000000000001,26411,24975048.0,0.0,0,9.440000000000001,0
20140327,1395849600000,9.42,9.59,9.24,9.26,41482,39346259.0,0.0,0,9.44,0
20140328,1395936000000,9.26,9.280000000000001,8.82,8.85,42963,38647330.0,0.0,0,9.26,0
20140331,1396195200000,8.840000000000002,8.9,8.700000000000001,8.840000000000002,16483,14487663.000000002,0.0,0,8.850000000000001,0
20140401,1396281600000,8.850000000000001,8.97,8.790000000000001,8.950000000000001,13944,12418460.0,0.0,0,8.840000000000002,0
20140402,1396368000000,8.95,8.96,8.83,8.86,12249,10869503.000000002,0.0,0,8.95,0
20140403,1396454400000,8.88,8.98,8.790000000000001,8.840000000000002,13947,12385883.0,0.0,0,8.860000000000001,0
20140404,1396540800000,8.799999999999999,8.92,8.78,8.92,12076,10716249.0,0.0,0,8.84,0
20140408,1396886400000,8.899999999999999,9.01,8.86,8.969999999999999,14847,13282619.0,0.0,0,8.92,0
20140409,1396972800000,8.96,9.06,8.91,8.99,14338,12888783.999999998,0.0,0,8.97,0
20140410,1397059200000,9.0,9.07,8.96,8.98,17252,15565522.0,0.0,0,8.99,0
20140411,1397145600000,8.96,8.96,8.82,8.89,12818,11402047.000000002,0.0,0,8.98,0
20140414,1397404800000,8.91,9.020000000000001,8.88,9.010000000000002,13042,11672940.000000002,0.0,0,8.89,0
20140415,1397491200000,9.02,9.03,8.93,8.959999999999999,11125,9996994.0,0.0,0,9.01,0
20140416,1397577600000,8.97,9.07,8.96,9.040000000000001,11837,10657730.0,0.0,0,8.96,0
20140417,1397664000000,9.04,9.27,9.01,9.2,37766,34521704.00000001,0.0,0,9.04,0
20140418,1397750400000,9.11,9.219999999999999,9.11,9.149999999999999,16963,15548189.0,0.0,0,9.2,0
20140421,1398009600000,9.16,9.29,9.11,9.12,39435,36342634.00000001,0.0,0,9.149999999999999,0
20140422,1398096000000,9.08,9.11,8.86,8.959999999999999,18903,16950826.0,0.0,0,9.12,0
20140423,1398182400000,8.86,8.99,8.75,8.82,15635,13837216.0,0.0,0,8.96,0
20140424,1398268800000,8.84,8.879999999999999,8.76,8.84,8755,7728908.0,0.0,0,8.82,0
20140425,1398355200000,8.84,8.99,8.4,8.43,21990,18984202.000000004,0.0,0,8.84,0
20140428,1398614400000,8.41,8.430000000000001,8.120000000000001,8.15,10081,8304831.0,0.0,0,8.430000000000001,0
20140429,1398700800000,8.12,8.27,8.09,8.25,9570,7823446.0,0.0,0,8.15,0
20140430,1398787200000,8.239999999999998,8.33,8.2,8.27,6488,5371235.0,0.0,0,8.25,0
20140505,1399219200000,8.26,8.36,8.16,8.36,6760,5580641.999999999,0.0,0,8.27,0
20140506,1399305600000,8.3,8.760000000000002,8.3,8.5,21857,18767769.0,0.0,0,8.360000000000001,0
20140507,1399392000000,8.5,8.52,8.27,8.29,10583,8871605.0,0.0,0,8.5,0
20140508,1399478400000,8.28,8.78,8.26,8.45,24624,21122604.0,0.0,0,8.29,0
20140509,1399564800000,8.46,8.52,8.33,8.44,7548,6348498.000000001,0.0,0,8.45,0
20140512,1399824000000,8.5,8.7,8.44,8.67,11093,9520093.000000002,0.0,0,8.44,0
20140513,1399910400000,8.600000000000001,8.73,8.55,8.620000000000001,8802,7603503.0,0.0,0,8.67,0
20140514,1399996800000,8.57,8.66,8.56,8.6,5901,5079306.0,0.0,0,8.620000000000001,0
20140515,1400083200000,8.56,8.7,8.33,8.39,10447,8900030.0,0.0,0,8.59,0
20140516,1400169600000,8.350000000000001,8.5,8.3,8.49,7530,6320350.0,0.0,0,8.39,0
20140519,1400428800000,8.48,8.66,8.370000000000001,8.65,20056,17082758.0,0.0,0,8.49,0
20140520,1400515200000,8.600000000000001,8.770000000000001,8.540000000000001,8.58,9847,8524689.0,0.0,0,8.65,0
20140521,1400601600000,8.58,8.84,8.53,8.729999999999999,18237,15919167.0,0.0,0,8.58,0
20140522,1400688000000,8.67,8.790000000000001,8.63,8.65,10856,9460856.0,0.0,0,8.73,0
20140523,1400774400000,8.620000000000001,8.780000000000001,8.620000000000001,8.74,8524,7401694.999999999,0.0,0,8.65,0
20140526,1401033600000,8.75,9.0,8.71,8.840000000000002,27253,24249508.0,0.0,0,8.74,0
20140527,1401120000000,8.84,8.86,8.66,8.72,19773,17278564.0,0.0,0,8.84,0
20140528,1401206400000,8.73,8.83,8.67,8.81,13962,12236067.0,0.0,0,8.72,0
20140529,1401292800000,8.78,8.799999999999999,8.61,8.66,13025,11316033.0,0.0,0,8.809999999999999,0
20140530,1401379200000,8.67,8.75,8.58,8.64,10975,9489565.0,0.0,0,8.66,0
20140603,1401724800000,8.670000000000002,8.72,8.620000000000001,8.66,8574,7434836.999999999,0.0,0,8.64,0
20140604,1401811200000,8.66,8.68,8.43,8.53,11161,9520171.0,0.0,0,8.66,0
20140605,1401897600000,8.5,8.66,8.43,8.64,15647,13386810.0,0.0,0,8.53,0
20140606,1401984000000,8.64,8.71,8.56,8.63,11594,10008548.0,0.0,0,8.64,0
20140609,1402243200000,8.63,8.76,8.56,8.65,13105,11381310.000000002,0.0,0,8.63,0
20140610,1402329600000,8.66,8.790000000000001,8.58,8.74,24399,21147058.0,0.0,0,8.65,0
20140611,1402416000000,8.7,8.8,8.67,8.79,14024,12263062.0,0.0,0,8.74,0
20140612,1402502400000,8.74,8.8,8.73,8.75,9206,8066437.0,0.0,0,8.790000000000001,0
20140613,1402588800000,8.75,8.89,8.73,8.860000000000001,27552,24337753.0,0.0,0,8.75,0
20140616,1402848000000,8.88,8.89,8.82,8.86,12186,10795151.0,0.0,0,8.86,0
20140617,1402934400000,8.84,8.870000000000001,8.73,8.75,12866,11306732.999999998,0.0,0,8.860000000000001,0
20140618,1403020800000,8.74,8.79,8.6,8.639999999999999,12882,11181513.0,0.0,0,8.75,0
20140619,1403107200000,8.64,8.68,8.26,8.37,12240,10406125.0,0.0,0,8.64,0
20140620,1403193600000,8.360000000000001,8.420000000000002,8.290000000000001,8.4,12787,10687416.0,0.0,0,8.370000000000001,0
20140623,1403452800000,8.4,8.56,8.39,8.48,13006,11057840.0,0.0,0,8.4,0
20140624,1403539200000,8.48,8.6,8.48,8.530000000000001,9673,8264782.0,0.0,0,8.48,0
20140625,1403625600000,8.510000000000002,8.690000000000001,8.46,8.590000000000002,8812,7510209.0,0.0,0,8.530000000000001,0
20140626,1403712000000,8.540000000000001,8.760000000000002,8.540000000000001,8.670000000000002,18971,16477353.0,0.0,0,8.590000000000002,0
20140627,1403798400000,8.7,8.799999999999999,8.68,8.76,15533,13583226.000000002,0.0,0,8.67,0
20140630,1404057600000,8.76,8.8,8.73,8.8,16556,14522720.0,0.0,0,8.76,0
20140701,1404144000000,8.790000000000001,8.940000000000001,8.790000000000001,8.83,23996,21247417.0,0.0,0,8.8,0
20140702,1404230400000,8.82,9.05,8.790000000000001,8.98,41376,36978970.0,0.0,0,8.83,0
20140703,1404316800000,8.96,9.280000000000001,8.88,9.16,49654,45301386.0,0.0,0,8.98,0
20140704,1404403200000,9.13,9.200000000000001,9.05,9.190000000000001,30194,27558718.0,0.0,0,9.16,0
20140707,1404662400000,9.190000000000001,9.21,9.05,9.120000000000001,28469,25934833.0,0.0,0,9.190000000000001,0
20140708,1404748800000,9.129999999999999,9.16,9.01,9.15,22766,20716727.0,0.0,0,9.12,0
20140709,1404835200000,9.18,9.46,8.99,9.0,37990,35050142.00000001,0.0,0,9.15,0
20140710,1404921600000,9.0,9.17,8.98,9.09,22017,19992562.0,0.0,0,9.0,0
20140711,1405008000000,9.05,9.260000000000002,9.05,9.190000000000001,25506,23407023.0,0.0,0,9.09,0
20140714,1405267200000,9.22,9.33,9.14,9.3,24301,22450889.999999996,0.0,0,9.190000000000001,0
20140715,1405353600000,9.280000000000001,9.32,9.040000000000001,9.15,30077,27460393.0,0.0,0,9.3,0
20140716,1405440000000,9.139999999999999,9.469999999999999,9.1,9.26,46360,43213175.0,0.0,0,9.15,0
20140717,1405526400000,9.21,9.26,9.0,9.09,29773,27084203.0,0.0,0,9.26,0
20140718,1405612800000,9.07,9.180000000000001,9.05,9.13,14716,13437702.0,0.0,0,9.09,0
20140721,1405872000000,9.120000000000001,9.14,8.97,9.06,16715,15112983.0,0.0,0,9.13,0
20140722,1405958400000,9.059999999999999,9.23,9.02,9.18,18810,17212693.0,0.0,0,9.059999999999999,0
20140723,1406044800000,9.18,9.36,9.08,9.1,30343,27959242.0,0.0,0,9.18,0
20140724,1406131200000,9.1,9.35,9.09,9.25,35483,32756718.0,0.0,0,9.1,0
20140725,1406217600000,9.23,9.379999999999999,9.18,9.379999999999999,31600,29324654.0,0.0,0,9.25,0
20140728,1406476800000,9.41,9.520000000000001,9.31,9.46,43130,40659955.0,0.0,0,9.38,0
20140729,1406563200000,9.47,9.49,9.39,9.42,28083,26500611.0,0.0,0,9.46,0
20140730,1406649600000,9.41,9.520000000000001,9.38,9.520000000000001,29003,27442397.000000004,0.0,0,9.42,0
20140731,1406736000000,9.51,9.540000000000001,9.39,9.48,22931,21671217.0,0.0,0,9.520000000000001,0
20140801,1406822400000,9.42,9.71,9.4,9.44,50772,48619778.0,0.0,0,9.48,0
20140804,1407081600000,9.43,9.620000000000001,9.4,9.5,25720,24481512.0,0.0,0,9.44,0
20140805,1407168000000,9.5,9.68,9.41,9.63,32926,31474007.0,0.0,0,9.5,0
20140806,1407254400000,9.620000000000001,9.83,9.57,9.76,54841,53540565.0,0.0,0,9.63,0
20140807,1407340800000,9.77,9.77,9.59,9.6,30774,29757053.0,0.0,0,9.76,0
20140808,1407427200000,9.6,9.72,9.56,9.610000000000001,18082,17439488.0,0.0,0,9.6,0
20140811,1407686400000,9.629999999999999,9.79,9.6,9.7,21839,21189261.0,0.0,0,9.61,0
20140812,1407772800000,9.69,9.9,9.67,9.85,36536,35868976.0,0.0,0,9.7,0
20140813,1407859200000,9.89,9.89,9.63,9.74,26877,26156091.0,0.0,0,9.850000000000001,0
20140814,1407945600000,9.73,9.83,9.6,9.65,25201,24539810.0,0.0,0,9.74,0
20140815,1408032000000,9.65,9.790000000000001,9.65,9.76,23794,23145831.0,0.0,0,9.65,0
20140818,1408291200000,9.76,9.88,9.72,9.88,37070,36351241.99999999,0.0,0,9.76,0
20140819,1408377600000,9.89,10.38,9.88,10.190000000000001,83074,84368228.0,0.0,0,9.88,0
20140820,1408464000000,10.129999999999999,10.26,10.09,10.26,44425,45275567.0,0.0,0,10.19,0
20140821,1408550400000,10.23,10.3,10.08,10.24,30909,31537983.000000004,0.0,0,10.26,0
20140822,1408636800000,10.25,10.49,10.21,10.39,37090,38420658.0,0.0,0,10.24,0
20140825,1408896000000,10.4,10.8,10.33,10.53,48101,50798024.0,0.0,0,10.39,0
20140826,1408982400000,10.52,10.57,10.1,10.139999999999999,44377,45779784.0,0.0,0,10.53,0
20140827,1409068800000,10.14,10.47,10.13,10.360000000000001,29431,30260490.000000004,0.0,0,10.14,0
20140828,1409155200000,10.31,10.48,10.120000000000001,10.190000000000001,25448,26200264.000000004,0.0,0,10.360000000000001,0
20140829,1409241600000,10.19,10.3,10.15,10.280000000000001,18717,19129513.000000004,0.0,0,10.19,0
20140901,1409500800000,10.2,10.53,10.18,10.53,22270,23188654.0,0.0,0,10.28,0
20140902,1409587200000,10.520000000000001,10.690000000000001,10.47,10.66,33950,35911487.0,0.0,0,10.530000000000001,0
20140903,1409673600000,10.75,10.75,10.49,10.63,38113,40483550.0,0.0,0,10.66,0
20140904,1409760000000,10.620000000000001,10.84,10.55,10.780000000000001,30378,32540625.000000004,0.0,0,10.63,0
20140905,1409846400000,10.860000000000001,10.860000000000001,10.700000000000001,10.82,30161,32507277.0,0.0,0,10.780000000000001,0
20140909,1410192000000,10.82,10.850000000000001,10.620000000000001,10.74,33526,35900726.0,0.0,0,10.82,0
20140910,1410278400000,10.700000000000001,10.94,10.65,10.860000000000001,36327,39303666.99999999,0.0,0,10.74,0
20140911,1410364800000,10.85,11.1,10.69,10.879999999999999,45545,49791655.0,0.0,0,10.86,0
20140912,1410451200000,10.9,11.24,10.81,11.24,43735,48396127.00000001,0.0,0,10.88,0
20140915,1410710400000,11.24,11.24,11.24,11.24,0,0.0,0.0,0,11.24,1
20140916,1410796800000,11.24,11.24,11.24,11.24,0,0.0,0.0,0,11.24,1
20140917,1410883200000,11.24,11.24,11.24,11.24,0,0.0,0.0,0,11.24,1
20140918,1410969600000,11.24,11.24,11.24,11.24,0,0.0,0.0,0,11.24,1
20140919,1411056000000,11.24,11.24,11.24,11.24,0,0.0,0.0,0,11.24,1
20140922,1411315200000,11.24,11.24,11.24,11.24,0,0.0,0.0,0,11.24,1
20140923,1411401600000,11.24,11.24,11.24,11.24,0,0.0,0.0,0,11.24,1
20140924,1411488000000,11.24,11.24,11.24,11.24,0,0.0,0.0,0,11.24,1
20140925,1411574400000,11.24,11.24,11.24,11.24,0,0.0,0.0,0,11.24,1
20140926,1411660800000,11.24,11.24,11.24,11.24,0,0.0,0.0,0,11.24,1
20140929,1411920000000,11.24,11.24,11.24,11.24,0,0.0,0.0,0,11.24,1
20140930,1412006400000,11.24,11.24,11.24,11.24,0,0.0,0.0,0,11.24,1
20141008,1412697600000,11.24,11.24,11.24,11.24,0,0.0,0.0,0,11.24,1
20141009,1412784000000,11.24,11.24,11.24,11.24,0,0.0,0.0,0,11.24,1
20141010,1412870400000,11.24,11.24,11.24,11.24,0,0.0,0.0,0,11.24,1
20141013,1413129600000,11.24,11.24,11.24,11.24,0,0.0,0.0,0,11.24,1
20141014,1413216000000,11.24,11.24,11.24,11.24,0,0.0,0.0,0,11.24,1
20141015,1413302400000,11.24,11.24,11.24,11.24,0,0.0,0.0,0,11.24,1
20141016,1413388800000,11.24,11.24,11.24,11.24,0,0.0,0.0,0,11.24,1
20141017,1413475200000,11.24,11.24,11.24,11.24,0,0.0,0.0,0,11.24,1
20141020,1413734400000,11.24,11.24,11.24,11.24,0,0.0,0.0,0,11.24,1
20141021,1413820800000,11.24,11.24,11.24,11.24,0,0.0,0.0,0,11.24,1
20141022,1413907200000,11.24,11.24,11.24,11.24,0,0.0,0.0,0,11.24,1
20141023,1413993600000,11.24,11.24,11.24,11.24,0,0.0,0.0,0,11.24,1
20141024,1414080000000,11.24,11.24,11.24,11.24,0,0.0,0.0,0,11.24,1
20141027,1414339200000,11.24,11.24,11.24,11.24,0,0.0,0.0,0,11.24,1
20141028,1414425600000,11.6,12.36,11.02,12.36,75718,92046464.0,0.0,0,11.24,0
20141029,1414512000000,12.360000000000001,12.98,12.05,12.46,176946,222909357.0,0.0,0,12.360000000000001,0
20141030,1414598400000,12.3,12.77,12.16,12.45,91214,113600324.0,0.0,0,12.46,0
20141031,1414684800000,12.32,12.5,11.91,12.07,59455,72489202.0,0.0,0,12.45,0
20141103,1414944000000,12.12,12.45,12.01,12.41,53092,65129403.0,0.0,0,12.07,0
20141104,1415030400000,12.35,12.48,12.06,12.25,39219,47954547.0,0.0,0,12.41,0
20141105,1415116800000,12.309999999999999,12.35,12.02,12.34,30403,37037432.00000001,0.0,0,12.25,0
20141106,1415203200000,12.3,12.760000000000002,12.22,12.700000000000001,63718,79851120.00000001,0.0,0,12.34,0
20141107,1415289600000,12.700000000000001,12.8,12.4,12.48,43222,54556499.0,0.0,0,12.700000000000001,0
20141110,1415548800000,12.510000000000002,12.620000000000001,12.38,12.430000000000001,28973,36122487.00000001,0.0,0,12.48,0
20141111,1415635200000,12.41,12.41,11.63,11.690000000000001,59185,70632237.00000001,0.0,0,12.430000000000001,0
20141112,1415721600000,11.71,11.91,11.65,11.89,23855,28136534.000000004,0.0,0,11.69,0
20141113,1415808000000,11.89,11.97,11.32,11.67,36528,42353933.00000001,0.0,0,11.89,0
20141114,1415894400000,11.65,11.89,11.39,11.63,19837,23111627.0,0.0,0,11.67,0
20141117,1416153600000,11.69,11.98,11.49,11.85,21165,25020869.0,0.0,0,11.63,0
20141118,1416240000000,11.840000000000002,11.99,11.71,11.81,16960,20054062.0,0.0,0,11.850000000000001,0
20141119,1416326400000,11.790000000000001,11.92,11.65,11.85,22235,26197966.0,0.0,0,11.81,0
20141120,1416412800000,11.78,11.82,11.6,11.66,16664,19454559.0,0.0,0,11.85,0
20141121,1416499200000,11.62,11.799999999999999,11.6,11.75,13991,16420058.0,0.0,0,11.66,0
20141124,1416758400000,11.87,12.1,11.76,12.0,32492,38716985.0,0.0,0,11.75,0
20141125,1416844800000,11.99,12.3,11.9,12.200000000000001,35739,43303841.99999999,0.0,0,12.0,0
20141126,1416931200000,12.25,12.280000000000001,11.97,12.100000000000001,24829,30097483.999999996,0.0,0,12.200000000000001,0
20141127,1417017600000,12.100000000000001,12.280000000000001,12.040000000000001,12.200000000000001,32924,39989632.0,0.0,0,12.100000000000001,0
20141128,1417104000000,12.200000000000001,12.25,11.96,12.15,31610,38182440.0,0.0,0,12.200000000000001,0
20141201,1417363200000,12.15,12.17,11.81,11.88,30012,35753064.00000001,0.0,0,12.15,0
20141202,1417449600000,11.86,12.17,11.85,12.07,26945,32480132.0,0.0,0,11.879999999999999,0
20141203,1417536000000,12.05,12.18,11.66,12.120000000000001,35545,42474330.0,0.0,0,12.07,0
20141204,1417622400000,12.13,12.56,12.13,12.24,47488,58577261.0,0.0,0,12.120000000000001,0
20141205,1417708800000,12.14,12.27,11.5,11.57,49084,57759314.00000001,0.0,0,12.24,0
20141208,1417968000000,11.48,11.88,11.4,11.540000000000001,25294,29238010.999999996,0.0,0,11.57,0
20141209,1418054400000,11.540000000000001,11.55,10.88,10.9,43760,49154714.00000001,0.0,0,11.540000000000001,0
20141210,1418140800000,10.9,11.260000000000002,10.88,11.23,24167,26880626.000000004,0.0,0,10.9,0
20141211,1418227200000,11.23,11.48,11.200000000000001,11.38,26742,30241806.000000004,0.0,0,11.23,0
20141212,1418313600000,11.38,11.870000000000001,11.3,11.75,31985,37123465.0,0.0,0,11.38,0
20141215,1418572800000,11.76,12.34,11.75,11.88,36141,43314835.0,0.0,0,11.75,0
20141216,1418659200000,11.99,12.35,11.78,12.069999999999999,53325,64579576.0,0.0,0,11.879999999999999,0
20141217,1418745600000,12.1,12.2,11.86,12.08,34995,42027707.99999999,0.0,0,12.07,0
20141218,1418832000000,12.08,12.209999999999999,11.93,12.06,22634,27244128.0,0.0,0,12.08,0
20141219,1418918400000,12.09,12.16,11.53,12.02,38151,45358627.0,0.0,0,12.059999999999999,0
20141222,1419177600000,11.85,11.940000000000001,11.23,11.690000000000001,29674,34053795.0,0.0,0,12.02,0
20141223,1419264000000,11.43,11.85,11.42,11.52,18401,21501464.0,0.0,0,11.69,0
20141224,1419350400000,11.56,11.92,11.31,11.6,42309,49206012.00000001,0.0,0,11.520000000000001,0
20141225,1419436800000,11.66,11.8,11.48,11.68,30057,34891803.99999999,0.0,0,11.6,0
20141226,1419523200000,11.7,11.75,11.58,11.71,19757,23072350.999999996,0.0,0,11.68,0
20141229,1419782400000,11.700000000000001,11.75,11.38,11.38,25311,29047716.000000004,0.0,0,11.71,0
20141230,1419868800000,11.36,11.379999999999999,10.76,11.0,45200,49566116.0,0.0,0,11.379999999999999,0
20141231,1419955200000,10.940000000000001,11.09,10.81,11.0,19366,21161157.0,0.0,0,11.0,0
20150105,1420387200000,11.0,11.02,10.57,11.01,32337,35129080.0,0.0,0,11.0,0
20150106,1420473600000,10.950000000000001,11.24,10.81,11.15,34648,38342144.00000001,0.0,0,11.01,0
20150107,1420560000000,11.100000000000001,11.13,10.88,11.030000000000001,19195,21062405.0,0.0,0,11.15,0
20150108,1420646400000,11.01,11.12,10.92,10.94,18579,20479969.999999996,0.0,0,11.03,0
20150109,1420732800000,10.93,11.209999999999999,10.85,10.95,21170,23258109.0,0.0,0,10.94,0
20150112,1420992000000,10.87,10.87,10.69,10.75,18693,20105710.0,0.0,0,10.95,0
20150113,1421078400000,10.7,10.9,10.69,10.9,10524,11413731.0,0.0,0,10.75,0
20150114,1421164800000,10.899999999999999,11.12,10.78,10.899999999999999,17504,19129183.0,0.0,0,10.899999999999999,0
20150115,1421251200000,10.81,10.99,10.81,10.89,11990,13081047.0,0.0,0,10.9,0
20150116,1421337600000,10.870000000000001,11.07,10.870000000000001,10.98,14568,16000478.000000002,0.0,0,10.89,0
20150119,1421596800000,10.84,11.18,10.67,10.86,24031,26350600.0,0.0,0,10.98,0
20150120,1421683200000,10.88,11.340000000000002,10.870000000000001,11.280000000000001,28085,31254635.0,0.0,0,10.860000000000001,0
20150121,1421769600000,11.31,11.74,11.21,11.57,38163,44025686.0,0.0,0,11.280000000000001,0
20150122,1421856000000,11.580000000000002,11.65,11.450000000000001,11.63,16650,19261361.0,0.0,0,11.57,0
20150123,1421942400000,11.77,11.77,11.28,11.389999999999999,26450,30539362.0,0.0,0,11.629999999999999,0
20150126,1422201600000,11.389999999999999,11.629999999999999,11.36,11.59,19119,21994420.0,0.0,0,11.389999999999999,0
20150127,1422288000000,11.59,11.709999999999999,11.44,11.67,18404,21342044.0,0.0,0,11.59,0
20150128,1422374400000,11.65,12.090000000000002,11.620000000000001,11.73,35730,42385268.0,0.0,0,11.670000000000002,0
20150129,1422460800000,11.64,11.81,11.51,11.57,19931,23221468.0,0.0,0,11.73,0
20150130,1422547200000,11.57,11.75,11.5,11.58,15616,18101000.0,0.0,0,11.57,0
20150202,1422806400000,11.58,11.799999999999999,11.52,11.7,28993,33819228.0,0.0,0,11.58,0
20150203,1422892800000,11.7,11.98,11.67,11.88,24859,29408378.0,0.0,0,11.7,0
20150204,1422979200000,11.950000000000001,11.950000000000001,11.700000000000001,11.750000000000002,18570,21903029.0,0.0,0,11.88,0
20150205,1423065600000,11.75,11.98,11.71,11.72,24589,29137661.000000004,0.0,0,11.75,0
20150206,1423152000000,11.65,11.73,11.200000000000001,11.32,22736,25983476.000000004,0.0,0,11.72,0
20150209,1423411200000,11.2,11.540000000000001,11.16,11.24,12125,13772461.0,0.0,0,11.32,0
20150210,1423497600000,11.18,11.39,11.18,11.35,7396,8362581.000000001,0.0,0,11.24,0
20150211,1423584000000,11.44,11.53,11.35,11.45,10614,12141595.0,0.0,0,11.35,0
20150212,1423670400000,11.450000000000001,11.65,11.4,11.530000000000001,15990,18484948.0,0.0,0,11.450000000000001,0
20150213,1423756800000,11.58,11.75,11.52,11.7,21750,25406895.0,0.0,0,11.53,0
20150216,1424016000000,11.69,11.93,11.69,11.9,24200,28615466.0,0.0,0,11.7,0
20150217,1424102400000,11.97,11.97,11.71,11.81,25720,30366629.0,0.0,0,11.9,0
20150225,1424793600000,11.8,11.98,11.790000000000001,11.840000000000002,26413,31357435.999999996,0.0,0,11.81,0
20150226,1424880000000,11.84,11.97,11.8,11.9,25221,29951002.0,0.0,0,11.84,0
20150227,1424966400000,11.9,12.5,11.89,12.39,70962,86377279.0,0.0,0,11.9,0
20150302,1425225600000,12.35,12.56,12.23,12.540000000000001,48562,60122210.0,0.0,0,12.39,0
20150303,1425312000000,12.440000000000001,12.5,12.23,12.24,35832,44326102.0,0.0,0,12.540000000000001,0
20150304,1425398400000,12.25,12.75,12.24,12.700000000000001,47068,59283945.0,0.0,0,12.24,0
20150305,1425484800000,12.68,12.97,12.56,12.82,39775,50660168.0,0.0,0,12.700000000000001,0
20150306,1425571200000,12.82,14.100000000000001,12.8,13.38,107113,145876462.00000003,0.0,0,12.82,0
20150309,1425830400000,13.2,13.78,13.1,13.52,56163,75816976.0,0.0,0,13.379999999999999,0
20150310,1425916800000,13.520000000000001,13.72,13.280000000000001,13.510000000000002,36816,49743789.00000001,0.0,0,13.520000000000001,0
20150311,1426003200000,13.52,13.65,13.17,13.35,37953,50819719.0,0.0,0,13.51,0
20150312,1426089600000,13.32,13.47,12.870000000000001,12.940000000000001,43143,56533620.0,0.0,0,13.350000000000001,0
20150313,1426176000000,12.94,13.35,12.94,13.35,29298,38540822.0,0.0,0,12.94,0
20150316,1426435200000,13.36,13.84,13.35,13.73,41606,56795581.0,0.0,0,13.35,0
20150317,1426521600000,13.73,14.200000000000001,13.700000000000001,13.88,60964,85191665.0,0.0,0,13.73,0
20150318,1426608000000,13.88,14.16,13.75,14.13,33354,46485621.00000001,0.0,0,13.88,0
20150319,1426694400000,14.23,14.23,13.89,14.100000000000001,33106,46345334.0,0.0,0,14.13,0
20150320,1426780800000,14.100000000000001,14.350000000000001,13.96,14.3,43858,61958462.0,0.0,0,14.100000000000001,0
20150323,1427040000000,14.32,14.9,14.21,14.840000000000002,54892,79740757.99999999,0.0,0,14.3,0
20150324,1427126400000,14.63,14.63,13.82,14.200000000000001,87648,124774930.00000001,0.0,0,14.84,0
20150325,1427212800000,14.200000000000001,14.66,13.81,14.440000000000001,64047,90976124.0,0.0,0,14.200000000000001,0
20150326,1427299200000,14.290000000000001,14.450000000000001,13.9,14.030000000000001,43336,61129540.0,0.0,0,14.440000000000001,0
20150327,1427385600000,14.02,14.35,14.0,14.28,34293,48521653.0,0.0,0,14.03,0
20150330,1427644800000,14.299999999999999,14.5,14.01,14.26,35571,50751440.99999999,0.0,0,14.28,0
20150331,1427731200000,14.299999999999999,14.5,14.01,14.35,45881,65779589.0,0.0,0,14.26,0
20150401,1427817600000,14.4,15.200000000000001,14.31,15.01,71214,105881203.0,0.0,0,14.35,0
20150402,1427904000000,15.01,15.43,14.9,15.31,56843,86167243.0,0.0,0,15.01,0
20150403,1427990400000,15.160000000000002,15.55,15.030000000000001,15.450000000000001,44161,67673397.0,0.0,0,15.31,0
20150407,1428336000000,15.89,15.96,15.41,15.82,52362,81947018.0,0.0,0,15.45,0
20150408,1428422400000,15.950000000000001,16.6,15.530000000000001,16.380000000000003,74566,120814404.99999999,0.0,0,15.82,0
20150409,1428508800000,16.16,16.25,14.9,15.77,63778,99203116.0,0.0,0,16.38,0
20150410,1428595200000,15.78,16.52,15.6,16.32,54636,88803499.00000001,0.0,0,15.77,0
20150413,1428854400000,16.35,17.6,16.330000000000002,17.290000000000003,51296,87790103.00000001,0.0,0,16.32,0
20150414,1428940800000,17.2,17.28,16.57,16.86,49926,84315482.0,0.0,0,17.29,0
20150415,1429027200000,16.78,16.900000000000002,15.38,15.600000000000001,48246,78102697.0,0.0,0,16.86,0
20150416,1429113600000,15.490000000000002,16.19,15.280000000000001,15.8,38074,60218590.0,0.0,0,15.600000000000001,0
20150417,1429200000000,15.98,15.98,15.38,15.5,50002,78170711.0,0.0,0,15.8,0
20150420,1429459200000,15.490000000000002,15.500000000000002,14.700000000000001,14.81,55543,84115251.0,0.0,0,15.500000000000002,0
20150421,1429545600000,14.799999999999999,15.5,14.77,15.48,39985,60758266.00000001,0.0,0,14.809999999999999,0
20150422,1429632000000,15.65,15.98,15.65,15.81,52586,83198405.0,0.0,0,15.48,0
20150423,1429718400000,15.870000000000001,16.3,15.81,16.16,61963,99466840.0,0.0,0,15.81,0
20150424,1429804800000,16.0,16.11,15.3,15.9,60607,95671450.00000001,0.0,0,16.16,0
20150427,1430064000000,15.94,16.19,15.83,15.96,49464,79014687.0,0.0,0,15.9,0
20150428,1430150400000,16.0,16.02,15.120000000000001,15.3,43708,67864287.0,0.0,0,15.96,0
20150429,1430236800000,15.21,15.700000000000001,15.14,15.600000000000001,30445,47256049.0,0.0,0,15.3,0
20150430,1430323200000,15.6,16.19,15.56,15.81,61463,98434831.0,0.0,0,15.6,0
20150504,1430668800000,15.82,16.169999999999998,15.35,16.09,45773,72787687.0,0.0,0,15.81,0
20150505,1430755200000,16.09,16.650000000000002,15.97,16.45,90044,147339857.00000003,0.0,0,16.09,0
20150506,1430841600000,16.6,16.83,16.0,16.13,74467,122790198.0,0.0,0,16.45,0
20150507,1430928000000,15.89,15.950000000000001,14.950000000000001,15.07,52168,80136285.00000001,0.0,0,16.130000000000003,0
20150508,1431014400000,15.120000000000001,15.8,15.120000000000001,15.790000000000001,41356,64291879.0,0.0,0,15.07,0
20150511,1431273600000,15.950000000000001,16.59,15.8,16.59,70024,114320031.0,0.0,0,15.790000000000001,0
20150512,1431360000000,16.65,16.98,16.31,16.9,77879,130096519.0,0.0,0,16.59,0
20150513,1431446400000,16.65,17.59,16.45,17.11,87950,150225315.0,0.0,0,16.9,0
20150514,1431532800000,17.04,18.119999999999997,16.97,17.73,81114,142785531.0,0.0,0,17.099999999999998,0
20150515,1431619200000,17.6,19.25,17.51,18.880000000000003,98833,183360531.0,0.0,0,17.73,0
20150518,1431878400000,19.33,20.77,19.25,20.77,100880,203394027.0,0.0,0,18.88,0
20150519,1431964800000,21.6,22.55,20.55,21.48,94030,201626552.0,0.0,0,20.77,0
20150520,1432051200000,21.1,22.85,21.0,21.7,82171,181072443.0,0.0,0,21.48,0
20150521,1432137600000,21.700000000000003,22.98,21.6,21.64,73604,161828398.0,0.0,0,21.700000000000003,0
20150522,1432224000000,21.9,22.22,20.7,21.009999999999998,97883,207593497.00000003,0.0,0,21.64,0
20150525,1432483200000,20.5,21.96,20.29,21.95,69750,148053548.0,0.0,0,21.009999999999998,0
20150526,1432569600000,22.05,23.96,22.04,23.11,61538,141691460.0,0.0,0,21.95,0
20150527,1432656000000,23.16,24.16,23.16,24.0,63124,149771656.0,0.0,0,23.11,0
20150528,1432742400000,24.55,24.740000000000002,21.6,21.900000000000002,81768,190399916.00000003,0.0,0,24.0,0
20150529,1432828800000,21.8,22.71,19.900000000000002,21.26,81448,174432772.00000003,0.0,0,21.900000000000002,0
20150601,1433088000000,21.48,23.39,21.3,23.39,79400,178448126.0,0.0,0,21.26,0
20150602,1433174400000,23.98,25.73,23.55,25.73,90875,226922161.0,0.0,0,23.39,0
20150603,1433260800000,26.720000000000002,27.37,25.69,26.150000000000002,102256,271617603.0,0.0,0,25.73,0
20150604,1433347200000,25.88,26.47,23.54,25.52,84003,210192793.0,0.0,0,26.15,0
20150605,1433433600000,25.610000000000003,27.400000000000002,25.400000000000002,26.6,86637,229122848.0,0.0,0,25.520000000000003,0
20150608,1433692800000,26.6,26.8,24.3,25.25,67806,171182574.00000003,0.0,0,26.6,0
20150609,1433779200000,24.6,25.71,24.310000000000002,24.830000000000002,45475,113619403.0,0.0,0,25.250000000000004,0
20150610,1433865600000,24.8,25.57,23.91,25.3,48663,121669350.0,0.0,0,24.830000000000002,0
20150611,1433952000000,25.5,26.28,25.19,26.040000000000003,53036,136625517.0,0.0,0,25.3,0
20150612,1434038400000,26.08,27.79,25.7,27.0,69566,186035237.99999997,0.0,0,26.04,0
20150615,1434297600000,26.8,28.55,25.82,25.88,84155,229193837.00000003,0.0,0,27.0,0
20150616,1434384000000,25.400000000000002,25.400000000000002,23.400000000000002,23.53,69837,168684488.0,0.0,0,25.880000000000003,0
20150617,1434470400000,23.28,24.6,22.150000000000002,24.410000000000004,56290,131792971.0,0.0,0,23.53,0
20150618,1434556800000,24.09,24.83,21.97,22.299999999999997,52983,124785865.0,0.0,0,24.41,0
20150619,1434643200000,21.89,21.89,20.07,20.07,55542,116083261.99999999,0.0,0,22.3,0
20150623,1434988800000,19.99,20.459999999999997,18.06,20.43,66776,130033934.0,0.0,0,20.07,0
20150624,1435075200000,20.509999999999998,21.099999999999998,19.88,20.84,59411,122613687.0,0.0,0,20.43,0
20150625,1435161600000,21.1,21.14,19.0,19.45,43850,89780487.0,0.0,0,20.84,0
20150626,1435248000000,19.0,19.0,17.51,17.51,62880,113900443.00000001,0.0,0,19.450000000000003,0
20150629,1435507200000,17.8,18.48,15.76,15.79,67059,110121840.00000001,0.0,0,17.509999999999998,0
20150630,1435593600000,15.5,16.93,14.21,16.78,91291,140458095.0,0.0,0,15.790000000000001,0
20150701,1435680000000,16.580000000000002,17.700000000000003,15.610000000000001,15.850000000000001,73856,125360138.00000001,0.0,0,16.78,0
20150702,1435766400000,16.02,16.44,14.43,14.719999999999999,63457,96957556.0,0.0,0,15.85,0
20150703,1435852800000,14.5,16.14,13.42,14.29,68330,99154849.00000001,0.0,0,14.72,0
20150706,1436112000000,15.719999999999999,15.719999999999999,12.86,13.219999999999999,93608,132722852.00000001,0.0,0,14.29,0
20150707,1436198400000,12.6,12.9,11.9,11.9,34832,42303072.0,0.0,0,13.22,0
20150708,1436284800000,10.71,12.170000000000002,10.71,11.66,155910,170693235.00000003,0.0,0,11.9,0
20150709,1436371200000,10.9,12.83,10.81,12.83,75882,92030591.0,0.0,0,11.66,0
20150710,1436457600000,13.8,14.11,13.5,14.11,52023,72869294.0,0.0,0,12.83,0
20150713,1436716800000,14.9,15.52,14.4,15.52,93947,142745761.0,0.0,0,14.110000000000001,0
20150714,1436803200000,15.4,16.93,15.02,15.77,132538,211607721.00000003,0.0,0,15.52,0
20150715,1436889600000,16.28,16.86,15.52,15.73,164003,263989542.0,0.0,0,15.77,0
20150716,1436976000000,15.73,17.2,14.19,16.85,144277,236011132.0,0.0,0,15.73,0
20150717,1437062400000,17.14,18.25,16.88,17.81,98176,173240037.0,0.0,0,16.849999999999998,0
20150720,1437321600000,17.6,18.35,17.0,17.49,100503,176905046.0,0.0,0,17.81,0
20150721,1437408000000,17.08,17.88,16.88,17.47,77705,136043750.00000003,0.0,0,17.49,0
20150722,1437494400000,17.2,17.950000000000003,16.62,17.220000000000002,66232,114060252.00000001,0.0,0,17.470000000000002,0
20150723,1437580800000,17.35,18.18,17.35,18.05,83727,149432026.0,0.0,0,17.220000000000002,0
20150724,1437667200000,18.48,19.19,17.76,18.05,97054,180986294.0,0.0,0,18.05,0
20150727,1437926400000,17.56,18.6,16.25,16.25,98080,171471839.00000003,0.0,0,18.05,0
20150728,1438012800000,14.98,16.45,14.68,15.48,75167,115730284.0,0.0,0,16.25,0
20150729,1438099200000,15.900000000000002,16.6,14.780000000000001,16.55,71971,112501244.0,0.0,0,15.48,0
20150730,1438185600000,16.31,16.77,15.6,15.67,66725,109307675.0,0.0,0,16.55,0
20150731,1438272000000,15.32,15.850000000000001,15.030000000000001,15.3,41895,64809365.0,0.0,0,15.670000000000002,0
20150803,1438531200000,15.049999999999999,15.09,13.85,14.049999999999999,53663,77564721.0,0.0,0,15.299999999999999,0
20150804,1438617600000,14.37,15.41,14.11,15.399999999999999,44504,65681596.00000001,0.0,0,14.049999999999999,0
20150805,1438704000000,15.37,15.97,14.92,15.35,51367,79709156.99999999,0.0,0,15.4,0
20150806,1438790400000,15.010000000000002,15.790000000000001,14.88,15.49,40203,62049430.0,0.0,0,15.350000000000001,0
20150807,1438876800000,15.57,16.35,15.57,16.3,49473,79669490.0,0.0,0,15.49,0
20150810,1439136000000,16.500000000000004,17.42,16.330000000000002,17.330000000000002,64746,109293287.00000001,0.0,0,16.3,0
20150811,1439222400000,17.07,17.49,16.9,17.189999999999998,61373,105650386.00000001,0.0,0,17.33,0
20150812,1439308800000,16.97,18.18,16.7,17.3,74274,130004257.0,0.0,0,17.189999999999998,0
20150813,1439395200000,17.250000000000004,17.980000000000004,17.150000000000002,17.85,49027,86068590.0,0.0,0,17.3,0
20150814,1439481600000,17.950000000000003,18.130000000000003,17.44,17.68,54428,97085820.0,0.0,0,17.85,0
20150817,1439740800000,17.69,18.1,17.0,18.07,56409,99353130.0,0.0,0,17.68,0
20150818,1439827200000,18.07,18.17,16.26,16.26,67990,117093501.0,0.0,0,18.07,0
20150819,1439913600000,15.8,16.93,15.46,16.78,54971,88768997.0,0.0,0,16.26,0
20150820,1440000000000,16.73,17.44,16.5,16.95,45025,76461830.0,0.0,0,16.78,0
20150821,1440086400000,16.55,16.9,15.51,15.62,43019,69517611.99999999,0.0,0,16.95,0
20150824,1440345600000,14.06,14.46,14.06,14.06,39738,56078024.0,0.0,0,15.620000000000001,0
20150825,1440432000000,12.75,13.59,12.65,12.65,55846,72298083.00000001,0.0,0,14.06,0
20150826,1440518400000,12.809999999999999,13.84,12.11,12.799999999999999,61151,79741441.0,0.0,0,12.649999999999999,0
20150827,1440604800000,13.3,13.75,12.82,13.6,39296,52482864.00000001,0.0,0,12.8,0
20150828,1440691200000,13.99,14.58,13.52,14.44,41361,57564828.0,0.0,0,13.6,0
20150831,1440950400000,14.3,14.350000000000001,13.620000000000001,13.81,37613,52716086.99999999,0.0,0,14.440000000000001,0
20150901,1441036800000,13.65,13.66,12.8,12.99,33901,44467571.0,0.0,0,13.81,0
20150902,1441123200000,12.09,13.6,12.08,12.63,32960,42435010.0,0.0,0,12.99,0
20150907,1441555200000,13.0,13.440000000000001,12.4,12.72,84413,108590991.0,0.0,0,12.63,0
20150908,1441641600000,12.51,13.98,12.42,13.85,52502,69063438.0,0.0,0,12.72,0
20150909,1441728000000,14.06,14.49,13.8,14.280000000000001,65368,92359147.00000001,0.0,0,13.850000000000001,0
20150910,1441814400000,14.0,14.96,13.84,14.76,78745,113995024.0,0.0,0,14.28,0
20150911,1441900800000,14.57,15.190000000000001,14.38,14.73,86302,127851723.99999999,0.0,0,14.760000000000002,0
20150914,1442160000000,14.69,14.79,13.26,13.26,59816,82565008.99999999,0.0,0,14.73,0
20150915,1442246400000,12.680000000000001,13.200000000000001,12.200000000000001,12.24,44950,57157509.0,0.0,0,13.260000000000002,0
20150916,1442332800000,12.3,13.46,12.280000000000001,13.39,34616,44597533.0,0.0,0,12.240000000000002,0
20150917,1442419200000,13.2,13.88,13.0,13.06,42258,57112272.0,0.0,0,13.39,0
20150918,1442505600000,13.17,13.5,12.98,13.39,25518,33690802.0,0.0,0,13.06,0
20150921,1442764800000,13.2,14.26,13.01,14.08,36993,50692710.0,0.0,0,13.39,0
20150922,1442851200000,14.190000000000001,14.66,14.05,14.49,55999,80682810.00000001,0.0,0,14.08,0
20150923,1442937600000,14.18,14.9,14.08,14.7,58687,85899822.0,0.0,0,14.49,0
20150924,1443024000000,14.620000000000001,14.96,14.41,14.7,42011,61679402.00000001,0.0,0,14.7,0
20150925,1443110400000,14.6,14.709999999999999,13.6,13.82,38103,53422286.00000001,0.0,0,14.7,0
20150928,1443369600000,13.889999999999999,14.5,13.69,14.45,28914,41093464.0,0.0,0,13.82,0
20150929,1443456000000,14.15,14.36,13.92,14.2,23454,33196457.0,0.0,0,14.45,0
20150930,1443542400000,14.26,14.450000000000001,13.99,14.23,20573,29337843.0,0.0,0,14.200000000000001,0
20151008,1444233600000,14.930000000000001,15.420000000000002,14.71,15.040000000000001,64273,97000389.0,0.0,0,14.23,0
20151009,1444320000000,15.09,15.4,14.93,15.34,43556,65939213.0,0.0,0,15.04,0
20151012,1444579200000,15.48,16.45,15.42,16.25,79846,127837458.00000001,0.0,0,15.34,0
20151013,1444665600000,16.12,16.4,16.0,16.29,46078,74772874.0,0.0,0,16.25,0
20151014,1444752000000,16.2,16.53,16.02,16.09,42271,68616842.00000001,0.0,0,16.29,0
20151015,1444838400000,16.220000000000002,16.66,16.05,16.59,50480,83154598.0,0.0,0,16.09,0
20151016,1444924800000,16.6,16.880000000000003,16.12,16.5,61273,100536072.0,0.0,0,16.59,0
20151019,1445184000000,16.49,16.59,15.91,16.16,47377,76769535.0,0.0,0,16.5,0
20151020,1445270400000,16.19,16.8,16.16,16.65,70812,116955139.0,0.0,0,16.16,0
20151021,1445356800000,16.64,17.05,15.33,15.48,83981,137845821.0,0.0,0,16.65,0
20151022,1445443200000,15.530000000000001,17.03,15.530000000000001,17.03,117979,194506004.0,0.0,0,15.48,0
20151023,1445529600000,17.68,18.18,17.22,17.7,146671,259329073.0,0.0,0,17.029999999999998,0
20151026,1445788800000,17.990000000000002,18.6,17.46,18.0,130095,233528209.00000003,0.0,0,17.7,0
20151027,1445875200000,17.8,19.580000000000002,17.53,19.26,160860,298463112.00000006,0.0,0,18.0,0
20151028,1445961600000,18.82,19.14,17.7,18.029999999999998,114917,212737222.0,0.0,0,19.259999999999998,0
20151029,1446048000000,18.400000000000002,18.42,17.8,17.91,70946,128253174.00000001,0.0,0,18.03,0
20151030,1446134400000,18.000000000000004,18.360000000000003,17.580000000000002,17.900000000000002,70024,126298699.00000001,0.0,0,17.91,0
20151102,1446393600000,17.72,18.5,17.61,17.93,84839,153874656.0,0.0,0,17.9,0
20151103,1446480000000,18.09,18.25,17.6,17.970000000000002,57609,103151452.0,0.0,0,17.93,0
20151104,1446566400000,18.02,19.2,17.97,18.91,104340,193944013.0,0.0,0,17.97,0
20151105,1446652800000,18.9,19.099999999999998,18.36,18.65,92268,172474528.00000003,0.0,0,18.91,0
20151106,1446739200000,18.66,19.24,18.66,19.04,77675,147887112.0,0.0,0,18.65,0
20151109,1446998400000,18.9,19.2,18.0,19.0,94779,178271635.0,0.0,0,19.04,0
20151110,1447084800000,18.8,19.59,18.7,19.189999999999998,92690,177936530.0,0.0,0,19.0,0
20151111,1447171200000,19.07,20.0,19.07,19.9,96519,189720829.0,0.0,0,19.19,0
20151112,1447257600000,20.0,20.0,19.29,19.63,79556,155728906.00000003,0.0,0,19.9,0
20151113,1447344000000,19.450000000000003,19.450000000000003,18.400000000000002,18.71,63573,120642830.0,0.0,0,19.630000000000003,0
20151116,1447603200000,18.89,20.3,18.89,20.25,93391,183330108.0,0.0,0,18.71,0
20151117,1447689600000,20.63,20.63,19.61,20.099999999999998,108137,216787487.00000003,0.0,0,20.25,0
20151118,1447776000000,19.900000000000002,20.150000000000002,19.44,19.5,50855,100460827.0,0.0,0,20.1,0
20151119,1447862400000,19.6,20.39,19.400000000000002,20.160000000000004,55641,110515024.0,0.0,0,19.500000000000004,0
20151120,1447948800000,20.32,20.32,19.78,20.16,52362,105130199.0,0.0,0,20.16,0
20151123,1448208000000,20.1,20.290000000000003,19.78,19.900000000000002,54492,108957676.99999999,0.0,0,20.16,0
20151124,1448294400000,19.9,20.7,19.68,20.6,82375,166954703.0,0.0,0,19.9,0
20151125,1448380800000,20.7,21.3,20.5,20.84,81835,170923504.0,0.0,0,20.6,0
20151126,1448467200000,20.88,21.38,20.66,20.87,81100,170140237.0,0.0,0,20.84,0
20151127,1448553600000,20.68,20.86,19.0,19.47,81251,162789984.0,0.0,0,20.87,0
20151130,1448812800000,19.48,19.65,18.02,19.18,57463,109572909.0,0.0,0,19.47,0
20151201,1448899200000,19.28,19.560000000000002,18.8,19.28,47296,91023054.0,0.0,0,19.18,0
20151202,1448985600000,19.25,19.34,17.89,18.54,69912,128859303.0,0.0,0,19.28,0
20151203,1449072000000,18.46,19.02,18.46,19.0,44210,82977188.0,0.0,0,18.54,0
20151204,1449158400000,18.900000000000002,19.27,18.8,18.900000000000002,45835,87076860.0,0.0,0,19.0,0
20151207,1449417600000,19.16,20.27,18.89,20.17,72048,140837441.0,0.0,0,18.900000000000002,0
20151208,1449504000000,19.88,20.0,19.47,19.52,48250,95093264.0,0.0,0,20.169999999999998,0
20151209,1449590400000,19.54,19.67,19.25,19.4,31080,60370667.0,0.0,0,19.52,0
20151210,1449676800000,19.34,19.66,19.25,19.3,38251,74323448.0,0.0,0,19.4,0
20151211,1449763200000,19.36,19.38,19.02,19.23,23291,44804817.0,0.0,0,19.3,0
20151214,1450022400000,19.0,19.53,18.6,19.450000000000003,30221,57441077.99999999,0.0,0,19.23,0
20151215,1450108800000,19.38,20.18,19.2,19.9,41029,81200561.0,0.0,0,19.45,0
20151216,1450195200000,20.03,20.1,19.85,20.01,39899,79636041.0,0.0,0,19.900000000000002,0
20151217,1450281600000,20.110000000000003,20.59,20.1,20.5,55582,113543418.00000001,0.0,0,20.01,0
20151218,1450368000000,20.599999999999998,20.83,20.22,20.45,45384,93056964.00000001,0.0,0,20.5,0
20151221,1450627200000,20.3,21.28,20.3,21.0,59593,124374036.00000001,0.0,0,20.45,0
20151222,1450713600000,21.25,21.6,20.91,21.48,54645,115921797.0,0.0,0,21.0,0
20151223,1450800000000,21.48,21.68,20.95,20.97,43785,92874314.0,0.0,0,21.48,0
20151224,1450886400000,20.78,20.970000000000002,20.28,20.85,38298,78860584.00000001,0.0,0,20.970000000000002,0
20151225,1450972800000,20.900000000000002,22.26,20.85,22.0,64520,139723092.00000003,0.0,0,20.85,0
20151228,1451232000000,22.0,22.8,21.42,21.770000000000003,71968,158982723.00000003,0.0,0,22.0,0
20151229,1451318400000,21.610000000000003,21.930000000000003,21.330000000000002,21.880000000000003,38249,82801777.0,0.0,0,21.770000000000003,0
20151230,1451404800000,21.84,22.66,21.84,22.44,40913,91504425.0,0.0,0,21.88,0
20151231,1451491200000,22.5,22.62,21.21,21.310000000000002,57948,126515085.0,0.0,0,22.44,0
20160104,1451836800000,21.15,21.25,19.18,19.18,42404,85339893.00000001,0.0,0,21.31,0
20160105,1451923200000,18.380000000000003,18.880000000000003,17.330000000000002,18.290000000000003,71090,130187165.0,0.0,0,19.180000000000003,0
20160106,1452009600000,18.400000000000002,18.84,18.12,18.78,35265,65493898.00000001,0.0,0,18.290000000000003,0
20160107,1452096000000,18.4,18.4,16.9,16.9,16670,29152159.0,0.0,0,18.779999999999998,0
20160108,1452182400000,17.32,17.53,16.05,16.810000000000002,46153,78458909.00000001,0.0,0,16.900000000000002,0
20160111,1452441600000,16.400000000000002,16.5,15.13,15.13,54804,87205510.99999999,0.0,0,16.810000000000002,0
20160112,1452528000000,14.950000000000001,15.49,14.620000000000001,15.250000000000002,47383,71825632.0,0.0,0,15.13,0
20160113,1452614400000,15.360000000000001,15.83,14.8,14.8,39950,61500706.0,0.0,0,15.25,0
20160114,1452700800000,14.2,15.95,14.08,15.88,45621,69422680.0,0.0,0,14.8,0
20160115,1452787200000,15.690000000000001,16.05,15.120000000000001,15.3,41067,64208760.0,0.0,0,15.88,0
20160118,1453046400000,15.05,16.04,14.9,15.780000000000001,36627,57637585.99999999,0.0,0,15.3,0
20160119,1453132800000,15.8,16.45,15.66,16.42,41321,66534321.00000001,0.0,0,15.78,0
20160120,1453219200000,16.32,16.7,16.0,16.16,36813,60227675.99999999,0.0,0,16.42,0
20160121,1453305600000,16.02,16.68,15.5,15.6,37849,61577020.0,0.0,0,16.16,0
20160122,1453392000000,15.93,16.2,15.36,16.05,28200,44529061.0,0.0,0,15.6,0
20160125,1453651200000,16.29,16.5,16.11,16.25,25144,41072096.0,0.0,0,16.05,0
20160126,1453737600000,16.05,16.25,14.63,14.63,34974,53960584.00000001,0.0,0,16.25,0
20160127,1453824000000,14.77,14.95,13.61,14.799999999999999,36537,52411107.0,0.0,0,14.629999999999999,0
20160128,1453910400000,14.58,14.88,13.99,14.14,23587,34047835.0,0.0,0,14.8,0
20160129,1453996800000,14.02,15.37,14.02,15.09,31208,46076659.99999999,0.0,0,14.139999999999999,0
20160201,1454256000000,15.080000000000002,15.760000000000002,15.030000000000001,15.700000000000001,43880,67768949.00000001,0.0,0,15.090000000000002,0
20160202,1454342400000,15.790000000000001,16.580000000000002,15.63,16.46,34340,55624279.00000001,0.0,0,15.700000000000001,0
20160203,1454428800000,16.25,16.8,16.02,16.65,32194,52964403.0,0.0,0,16.46,0
20160204,1454515200000,16.62,17.34,16.46,17.34,48537,82092843.0,0.0,0,16.650000000000002,0
20160205,1454601600000,17.3,17.8,17.12,17.55,37395,65565730.0,0.0,0,17.34,0
20160215,1455465600000,16.9,17.46,16.66,17.41,22818,38992563.00000001,0.0,0,17.55,0
20160216,1455552000000,17.330000000000002,18.110000000000003,17.330000000000002,17.91,36647,65251487.0,0.0,0,17.41,0
20160217,1455638400000,17.700000000000003,18.3,17.650000000000002,18.05,33620,60357510.0,0.0,0,17.910000000000004,0
20160218,1455724800000,18.150000000000002,18.3,17.8,17.86,26537,47761312.0,0.0,0,18.05,0
20160219,1455811200000,17.82,18.01,17.5,17.68,21411,38169668.0,0.0,0,17.86,0
20160222,1456070400000,17.88,18.740000000000002,17.8,18.740000000000002,43642,79625309.0,0.0,0,17.68,0
20160223,1456156800000,18.57,19.34,18.5,19.07,51480,97918878.99999999,0.0,0,18.74,0
20160224,1456243200000,19.099999999999998,19.3,18.2,19.02,32393,60862648.0,0.0,0,19.07,0
20160225,1456329600000,18.98,19.03,17.12,17.290000000000003,40976,73148697.0,0.0,0,19.02,0
20160226,1456416000000,17.619999999999997,17.84,16.63,17.4,24753,42937292.0,0.0,0,17.29,0
20160229,1456675200000,17.36,17.5,15.66,16.0,30070,48572339.99999999,0.0,0,17.4,0
20160301,1456761600000,16.17,17.6,15.82,17.6,35116,58100119.00000001,0.0,0,16.0,0
20160302,1456848000000,17.400000000000002,19.360000000000003,17.400000000000002,18.8,55313,102737550.0,0.0,0,17.6,0
20160303,1456934400000,18.66,18.950000000000003,18.03,18.26,54464,100923980.0,0.0,0,18.8,0
20160304,1457020800000,18.060000000000002,18.87,16.8,17.03,55480,99057481.00000001,0.0,0,18.26,0
20160307,1457280000000,17.270000000000003,17.75,17.1,17.28,26475,46046932.0,0.0,0,17.03,0
20160308,1457366400000,17.37,17.580000000000002,16.03,17.560000000000002,31574,53120712.0,0.0,0,17.28,0
20160309,1457452800000,16.82,17.34,16.77,16.88,21595,36703270.00000001,0.0,0,17.56,0
20160310,1457539200000,16.93,17.029999999999998,16.4,16.45,18966,31655739.0,0.0,0,16.88,0
20160311,1457625600000,16.430000000000003,16.630000000000003,16.080000000000002,16.48,16034,26198066.0,0.0,0,16.450000000000003,0
20160314,1457884800000,16.62,17.470000000000002,16.62,17.310000000000002,21498,37033217.00000001,0.0,0,16.48,0
20160315,1457971200000,17.310000000000002,18.150000000000002,17.12,17.93,34240,60293889.00000001,0.0,0,17.310000000000002,0
20160316,1458057600000,18.419999999999998,18.65,17.7,18.11,46601,84472843.99999999,0.0,0,17.93,0
20160317,1458144000000,18.03,19.1,17.91,18.94,47014,87637296.0,0.0,0,18.11,0
20160318,1458230400000,19.040000000000003,20.830000000000002,18.85,19.57,56227,110508095.0,0.0,0,18.94,0
20160321,1458489600000,19.57,19.8,19.21,19.650000000000002,44873,87723522.0,0.0,0,19.57,0
20160322,1458576000000,19.360000000000003,19.92,19.35,19.740000000000002,37875,74495470.0,0.0,0,19.650000000000002,0
20160323,1458662400000,19.63,20.0,19.29,19.509999999999998,25602,50099333.99999999,0.0,0,19.74,0
20160324,1458748800000,19.46,19.990000000000002,19.05,19.650000000000002,38454,75446432.00000001,0.0,0,19.51,0
20160325,1458835200000,19.6,20.500000000000004,19.400000000000002,20.490000000000002,50176,100890430.0,0.0,0,19.650000000000002,0
20160328,1459094400000,20.37,20.65,19.52,19.599999999999998,54341,109344464.99999999,0.0,0,20.49,0
20160329,1459180800000,19.700000000000003,19.85,18.330000000000002,18.6,48101,90672500.99999999,0.0,0,19.6,0
20160330,1459267200000,18.78,19.58,18.75,19.36,46544,89708582.0,0.0,0,18.6,0
20160331,1459353600000,19.48,19.5,19.05,19.28,39488,76111739.0,0.0,0,19.36,0
20160401,1459440000000,19.259999999999998,19.259999999999998,18.45,18.88,31238,58612714.0,0.0,0,19.28,0
20160405,1459785600000,18.9,19.9,18.82,19.4,46714,91119642.99999999,0.0,0,18.88,0
20160406,1459872000000,19.32,19.95,19.32,19.82,39893,78384298.0,0.0,0,19.4,0
20160407,1459958400000,19.84,19.86,19.05,19.27,36123,69999509.00000001,0.0,0,19.82,0
20160408,1460044800000,19.080000000000002,19.96,18.76,19.810000000000002,57481,112283855.00000001,0.0,0,19.270000000000003,0
20160411,1460304000000,19.990000000000002,20.900000000000002,19.650000000000002,19.930000000000003,122442,247967865.00000003,0.0,0,19.810000000000002,0
20160412,1460390400000,19.88,20.45,18.98,19.31,82442,162920589.0,0.0,0,19.93,0
20160413,1460476800000,19.23,19.650000000000002,19.23,19.29,52156,101290564.00000001,0.0,0,19.31,0
20160414,1460563200000,19.310000000000002,19.660000000000004,19.240000000000002,19.540000000000003,29540,57344951.00000001,0.0,0,19.290000000000003,0
20160415,1460649600000,19.59,19.74,19.2,19.43,23517,45600591.0,0.0,0,19.54,0
20160418,1460908800000,19.33,19.33,18.5,18.78,53484,100350373.0,0.0,0,19.43,0
20160419,1460995200000,18.82,19.130000000000003,18.330000000000002,18.840000000000003,56043,104494747.0,0.0,0,18.78,0
20160420,1461081600000,18.85,18.88,17.5,18.52,67838,124281630.0,0.0,0,18.84,0
20160421,1461168000000,18.21,18.79,18.21,18.330000000000002,25412,47101960.0,0.0,0,18.52,0
20160422,1461254400000,18.3,18.8,18.1,18.790000000000003,21918,40758274.0,0.0,0,18.330000000000002,0
20160425,1461513600000,18.7,19.17,18.34,18.89,23708,44403326.00000001,0.0,0,18.79,0
20160426,1461600000000,18.87,18.98,18.35,18.78,22276,41511621.0,0.0,0,18.89,0
20160427,1461686400000,18.810000000000002,19.07,18.69,18.85,26425,49948750.0,0.0,0,18.78,0
20160428,1461772800000,18.78,19.14,18.34,18.6,18858,34999258.0,0.0,0,18.85,0
20160429,1461859200000,18.400000000000002,18.96,18.400000000000002,18.810000000000002,20361,38208201.00000001,0.0,0,18.6,0
20160503,1462204800000,18.709999999999997,19.86,18.56,19.79,46079,89243565.0,0.0,0,18.81,0
20160504,1462291200000,19.6,19.98,19.5,19.6,24742,48856685.00000001,0.0,0,19.79,0
20160505,1462377600000,19.78,19.8,19.44,19.77,19176,37718344.0,0.0,0,19.6,0
20160506,1462464000000,19.95,19.95,18.91,18.97,28546,55589594.99999999,0.0,0,19.77,0
20160509,1462723200000,15.879999999999999,15.98,14.86,15.0,43739,67636885.99999999,0.0,0,15.77,0
20160510,1462809600000,14.850000000000001,15.3,14.72,14.790000000000001,24179,36199343.0,0.0,0,15.0,0
20160511,1462896000000,15.010000000000002,16.21,14.620000000000001,15.49,64569,100361672.00000001,0.0,0,14.790000000000001,0
20160512,1462982400000,15.09,15.58,14.75,15.36,31817,48336733.0,0.0,0,15.49,0
20160513,1463068800000,15.31,15.82,14.8,14.950000000000001,33656,51284834.0,0.0,0,15.360000000000001,0
20160516,1463328000000,14.95,15.549999999999999,14.86,15.5,35989,55185749.99999999,0.0,0,14.95,0
20160517,1463414400000,15.46,15.790000000000001,15.280000000000001,15.500000000000002,26515,41291988.0,0.0,0,15.500000000000002,0
20160518,1463500800000,15.39,15.440000000000001,14.9,15.06,22576,34120205.0,0.0,0,15.5,0
20160519,1463587200000,15.07,15.450000000000001,14.9,15.08,16787,25499878.0,0.0,0,15.06,0
20160520,1463673600000,14.95,15.19,14.85,15.19,15331,23089212.0,0.0,0,15.08,0
20160523,1463932800000,15.28,15.56,15.0,15.47,31370,48332749.0,0.0,0,15.19,0
20160524,1464019200000,15.4,15.48,15.22,15.290000000000001,18669,28598070.0,0.0,0,15.47,0
20160525,1464105600000,15.450000000000001,15.56,15.22,15.280000000000001,22838,35154018.0,0.0,0,15.290000000000001,0
20160526,1464192000000,15.200000000000001,15.360000000000001,14.8,15.290000000000001,23188,34861878.0,0.0,0,15.280000000000001,0
20160527,1464278400000,15.290000000000001,15.430000000000001,15.22,15.3,15070,23127032.000000004,0.0,0,15.290000000000001,0
20160530,1464537600000,15.35,15.76,15.1,15.53,30863,47884754.0,0.0,0,15.299999999999999,0
20160531,1464624000000,15.57,16.98,15.530000000000001,16.540000000000003,91160,149729104.0,0.0,0,15.530000000000001,0
20160601,1464710400000,16.5,17.16,16.5,16.56,79568,133848595.00000001,0.0,0,16.54,0
20160602,1464796800000,16.599999999999998,16.78,16.36,16.78,54945,91079151.00000001,0.0,0,16.56,0
20160603,1464883200000,16.740000000000002,16.96,16.55,16.78,51030,85649999.00000001,0.0,0,16.78,0
20160606,1465142400000,16.67,16.720000000000002,16.26,16.380000000000003,55942,91823707.0,0.0,0,16.78,0
20160607,1465228800000,16.439999999999998,17.38,16.38,17.18,113747,192884682.0,0.0,0,16.38,0
20160608,1465315200000,17.18,17.34,16.3,16.86,125622,209900519.0,0.0,0,17.18,0
20160613,1465747200000,16.41,16.48,15.200000000000001,15.290000000000001,63597,102533643.0,0.0,0,16.86,0
20160614,1465833600000,15.17,15.850000000000001,15.06,15.780000000000001,45641,70595501.0,0.0,0,15.290000000000001,0
20160615,1465920000000,15.46,16.61,15.41,16.58,68373,110851529.0,0.0,0,15.78,0
20160616,1466006400000,16.450000000000003,16.580000000000002,16.17,16.380000000000003,43680,71443464.0,0.0,0,16.580000000000002,0
20160617,1466092800000,16.380000000000003,16.78,16.21,16.73,49454,82124130.0,0.0,0,16.380000000000003,0
20160620,1466352000000,16.650000000000002,16.970000000000002,16.42,16.540000000000003,64610,108039969.0,0.0,0,16.73,0
20160621,1466438400000,16.65,16.84,15.91,16.0,48599,79644132.0,0.0,0,16.54,0
20160622,1466524800000,15.959999999999999,16.19,15.77,16.0,49005,78350530.0,0.0,0,16.0,0
20160623,1466611200000,16.14,16.19,15.55,15.56,53071,84064795.00000001,0.0,0,16.0,0
20160624,1466697600000,15.64,15.850000000000001,15.05,15.56,57901,89698780.0,0.0,0,15.56,0
20160627,1466956800000,15.56,16.12,15.56,16.0,43159,68494825.00000001,0.0,0,15.56,0
20160628,1467043200000,15.97,16.2,15.82,16.16,36318,58339649.00000001,0.0,0,16.0,0
20160629,1467129600000,16.21,16.32,16.02,16.169999999999998,56012,90477339.0,0.0,0,16.16,0
20160630,1467216000000,16.17,16.700000000000003,16.1,16.700000000000003,70284,115171087.00000001,0.0,0,16.17,0
20160701,1467302400000,16.77,16.8,16.25,16.41,58622,96634294.00000001,0.0,0,16.7,0
20160704,1467561600000,16.39,16.71,16.34,16.58,61251,101498198.0,0.0,0,16.41,0
20160705,1467648000000,16.56,16.97,16.32,16.92,86485,144588322.0,0.0,0,16.580000000000002,0
20160706,1467734400000,16.85,17.17,16.66,16.92,68496,115928804.0,0.0,0,16.92,0
20160707,1467820800000,16.919999999999998,17.09,16.68,17.02,53711,90597072.0,0.0,0,16.919999999999998,0
20160708,1467907200000,17.05,17.2,16.8,17.01,50698,86183839.00000001,0.0,0,17.02,0
20160711,1468166400000,17.0,17.6,16.82,17.29,80500,138747662.0,0.0,0,17.01,0
20160712,1468252800000,17.3,17.52,16.78,17.21,56975,98004613.0,0.0,0,17.290000000000003,0
20160713,1468339200000,17.29,17.56,17.0,17.03,53119,91501987.00000001,0.0,0,17.21,0
20160714,1468425600000,17.04,17.19,16.8,16.93,38361,64930786.0,0.0,0,17.03,0
20160715,1468512000000,17.049999999999997,17.259999999999998,16.72,17.18,41044,69884163.0,0.0,0,16.93,0
20160718,1468771200000,17.150000000000002,17.48,16.96,17.34,46588,80383531.0,0.0,0,17.18,0
20160719,1468857600000,17.36,17.57,17.18,17.55,37972,66127051.0,0.0,0,17.34,0
20160720,1468944000000,17.58,17.97,17.31,17.33,59053,104140208.0,0.0,0,17.549999999999997,0
20160721,1469030400000,17.290000000000003,17.43,17.1,17.200000000000003,31656,54635082.0,0.0,0,17.330000000000002,0
20160722,1469116800000,17.25,17.28,16.94,16.98,32030,54631932.0,0.0,0,17.200000000000003,0
20160725,1469376000000,17.12,17.17,16.8,17.16,23484,39949126.0,0.0,0,16.98,0
20160726,1469462400000,17.18,17.37,17.14,17.28,23119,39903533.0,0.0,0,17.16,0
20160727,1469548800000,17.29,17.4,16.04,16.13,65575,109063362.0,0.0,0,17.279999999999998,0
20160728,1469635200000,16.2,16.43,15.92,16.01,43952,70965597.0,0.0,0,16.13,0
20160729,1469721600000,16.1,16.28,15.8,16.19,31650,50849409.0,0.0,0,16.01,0
20160801,1469980800000,16.1,16.2,15.66,16.15,34010,54133190.00000001,0.0,0,16.19,0
20160802,1470067200000,16.15,16.21,16.0,16.09,17778,28671247.0,0.0,0,16.15,0
20160803,1470153600000,16.14,16.16,15.92,15.98,18803,30149845.0,0.0,0,16.09,0
20160804,1470240000000,16.0,16.380000000000003,15.950000000000001,16.27,22078,35659431.0,0.0,0,15.98,0
20160805,1470326400000,16.28,16.31,16.11,16.12,23222,37575628.0,0.0,0,16.27,0
20160808,1470585600000,16.03,16.26,15.950000000000001,16.21,12320,19865870.0,0.0,0,16.12,0
20160809,1470672000000,16.27,16.39,16.2,16.38,15905,25905082.000000004,0.0,0,16.21,0
20160810,1470758400000,16.39,16.400000000000002,16.05,16.21,16726,27102885.0,0.0,0,16.38,0
20160811,1470844800000,16.21,16.240000000000002,15.98,15.99,14269,22986778.0,0.0,0,16.21,0
20160812,1470931200000,16.02,16.17,15.9,16.11,13578,21815790.0,0.0,0,15.99,0
20160815,1471190400000,16.13,16.45,16.0,16.38,25909,42257438.00000001,0.0,0,16.11,0
20160816,1471276800000,16.35,16.650000000000002,16.35,16.560000000000002,23203,38288458.0,0.0,0,16.380000000000003,0
20160817,1471363200000,16.5,16.75,16.42,16.55,19400,32160386.0,0.0,0,16.560000000000002,0
20160818,1471449600000,16.55,16.720000000000002,16.46,16.580000000000002,19777,32794336.0,0.0,0,16.55,0
20160819,1471536000000,16.58,16.619999999999997,16.38,16.509999999999998,18262,30117745.000000004,0.0,0,16.58,0
20160822,1471795200000,16.59,16.599999999999998,16.22,16.24,24013,39392838.0,0.0,0,16.509999999999998,0
20160823,1471881600000,16.270000000000003,16.470000000000002,16.240000000000002,16.35,14683,24053976.0,0.0,0,16.240000000000002,0
20160824,1471968000000,16.39,16.48,16.3,16.330000000000002,17999,29480944.000000004,0.0,0,16.35,0
20160825,1472054400000,16.27,16.299999999999997,16.06,16.22,22564,36461341.0,0.0,0,16.33,0
20160826,1472140800000,16.22,16.41,16.16,16.26,21379,34912027.0,0.0,0,16.22,0
20160829,1472400000000,16.19,16.48,16.17,16.42,22931,37585507.0,0.0,0,16.26,0
20160830,1472486400000,16.42,16.6,16.39,16.46,16519,27301832.0,0.0,0,16.42,0
20160831,1472572800000,16.41,16.65,16.38,16.64,21949,36325893.0,0.0,0,16.459999999999997,0
20160901,1472659200000,16.56,16.81,16.5,16.52,26975,44980530.0,0.0,0,16.64,0
20160902,1472745600000,16.5,16.7,16.45,16.66,21797,36165982.99999999,0.0,0,16.52,0
20160905,1473004800000,16.78,16.87,16.59,16.669999999999998,21300,35691348.0,0.0,0,16.66,0
20160906,1473091200000,16.6,16.95,16.48,16.95,32563,54439342.0,0.0,0,16.67,0
20160907,1473177600000,16.9,17.02,16.79,16.919999999999998,26394,44690295.0,0.0,0,16.95,0
20160908,1473264000000,16.98,17.0,16.8,16.98,17602,29823770.000000004,0.0,0,16.92,0
20160909,1473350400000,16.990000000000002,17.2,16.89,16.94,38647,65816187.00000001,0.0,0,16.98,0
20160912,1473609600000,16.459999999999997,16.8,16.38,16.43,31209,51775251.00000001,0.0,0,16.939999999999998,0
20160913,1473696000000,16.53,16.59,16.35,16.46,13076,21492809.0,0.0,0,16.43,0
20160914,1473782400000,16.490000000000002,16.64,16.39,16.57,15649,25901743.000000004,0.0,0,16.46,0
20160919,1474214400000,16.63,16.66,16.41,16.47,27507,45473019.0,0.0,0,16.57,0
20160920,1474300800000,16.5,16.59,16.3,16.44,27133,44652589.99999999,0.0,0,16.470000000000002,0
20160921,1474387200000,16.439999999999998,16.509999999999998,16.31,16.45,18818,30917623.0,0.0,0,16.439999999999998,0
20160922,1474473600000,16.5,16.55,16.41,16.44,23873,39349181.0,0.0,0,16.45,0
20160923,1474560000000,16.46,16.54,16.41,16.52,20353,33527811.0,0.0,0,16.44,0
20160926,1474819200000,16.52,16.6,16.14,16.14,32001,52563420.99999999,0.0,0,16.52,0
20160927,1474905600000,16.14,16.21,15.68,16.05,25063,39862861.0,0.0,0,16.14,0
20160928,1474992000000,16.05,16.09,15.71,15.870000000000001,21978,34881942.0,0.0,0,16.05,0
20160929,1475078400000,15.780000000000001,16.05,15.780000000000001,15.910000000000002,11823,18840674.0,0.0,0,15.870000000000001,0
20160930,1475164800000,15.98,16.05,15.88,15.930000000000001,17997,28653701.0,0.0,0,15.91,0
20161010,1476028800000,15.99,16.4,15.94,16.38,29282,47558576.0,0.0,0,15.93,0
20161011,1476115200000,16.650000000000002,16.8,16.55,16.71,50661,84565668.0,0.0,0,16.38,0
20161012,1476201600000,16.71,16.76,16.59,16.73,23254,38782902.0,0.0,0,16.71,0
20161013,1476288000000,16.7,16.87,16.7,16.83,20541,34540370.0,0.0,0,16.73,0
20161014,1476374400000,16.830000000000002,16.830000000000002,16.6,16.75,16910,28226729.0,0.0,0,16.830000000000002,0
20161017,1476633600000,16.78,17.080000000000002,16.66,16.74,38126,64290906.99999999,0.0,0,16.75,0
20161018,1476720000000,16.7,17.14,16.68,17.03,39775,67270313.0,0.0,0,16.74,0
20161019,1476806400000,17.05,17.39,17.05,17.17,62123,107080851.0,0.0,0,17.03,0
20161020,1476892800000,17.200000000000003,17.78,17.150000000000002,17.630000000000003,78728,137827081.0,0.0,0,17.17,0
20161021,1476979200000,17.67,17.82,16.990000000000002,17.28,57394,99453912.00000001,0.0,0,17.630000000000003,0
20161024,1477238400000,17.270000000000003,17.790000000000003,17.26,17.73,54026,94599117.0,0.0,0,17.28,0
20161025,1477324800000,17.73,18.75,17.73,18.44,99071,182862483.00000003,0.0,0,17.73,0
20161026,1477411200000,18.380000000000003,18.750000000000004,18.080000000000002,18.41,66269,122103891.0,0.0,0,18.44,0
20161027,1477497600000,18.31,18.86,18.31,18.82,63569,118767200.00000001,0.0,0,18.41,0
20161028,1477584000000,18.81,18.81,18.41,18.52,36819,68345081.0,0.0,0,18.82,0
20161031,1477843200000,18.4,18.98,18.2,18.73,54232,101574816.0,0.0,0,18.52,0
20161101,1477929600000,18.740000000000002,18.84,18.32,18.66,44350,82434173.0,0.0,0,18.73,0
20161102,1478016000000,18.490000000000002,18.76,18.35,18.53,35909,66555457.00000001,0.0,0,18.66,0
20161103,1478102400000,18.57,18.849999999999998,18.38,18.38,33930,63178854.0,0.0,0,18.529999999999998,0
20161104,1478188800000,18.4,19.77,18.38,19.77,74490,143450967.99999997,0.0,0,18.38,0
20161107,1478448000000,19.580000000000002,20.15,18.98,19.39,62806,123623664.0,0.0,0,19.77,0
20161108,1478534400000,19.39,19.6,19.07,19.37,43125,83432499.0,0.0,0,19.39,0
20161109,1478620800000,19.31,19.46,18.79,18.9,43747,83867984.0,0.0,0,19.369999999999997,0
20161110,1478707200000,19.200000000000003,19.580000000000002,19.19,19.400000000000002,42680,82629607.0,0.0,0,18.900000000000002,0
20161111,1478793600000,19.39,20.12,19.17,20.080000000000002,55082,108863673.0,0.0,0,19.400000000000002,0
20161114,1479052800000,20.07,20.150000000000002,19.55,19.7,40828,80628626.00000001,0.0,0,20.080000000000002,0
20161115,1479139200000,19.8,19.8,19.07,19.34,48366,93080218.0,0.0,0,19.7,0
20161116,1479225600000,19.279999999999998,19.38,18.97,19.169999999999998,33919,64887080.0,0.0,0,19.34,0
20161117,1479312000000,19.16,19.65,19.0,19.5,42358,81902414.0,0.0,0,19.17,0
20161118,1479398400000,19.51,19.650000000000002,19.21,19.3,21304,41350792.0,0.0,0,19.5,0
20161121,1479657600000,19.31,19.87,19.2,19.59,31999,62557850.00000001,0.0,0,19.3,0
20161122,1479744000000,19.53,19.89,19.400000000000002,19.560000000000002,27981,54865154.0,0.0,0,19.590000000000003,0
20161123,1479830400000,19.529999999999998,19.779999999999998,19.38,19.48,21491,42131596.0,0.0,0,19.56,0
20161124,1479916800000,19.41,19.74,18.95,18.99,36073,69654223.0,0.0,0,19.48,0
20161125,1480003200000,18.91,19.29,18.72,19.13,25922,49258458.00000001,0.0,0,18.99,0
20161128,1480262400000,19.13,19.19,18.55,18.91,45847,86268819.00000001,0.0,0,19.13,0
20161129,1480348800000,18.82,19.369999999999997,18.72,19.22,34120,65236665.0,0.0,0,18.91,0
20161130,1480435200000,19.220000000000002,19.28,18.85,19.040000000000003,17119,32716261.0,0.0,0,19.220000000000002,0
20161201,1480521600000,18.85,19.150000000000002,18.8,18.91,15139,28764578.0,0.0,0,19.04,0
20161202,1480608000000,18.8,18.97,17.86,18.0,44043,80192691.0,0.0,0,18.91,0
20161205,1480867200000,17.950000000000003,18.55,17.78,18.18,20270,36945389.0,0.0,0,18.0,0
20161206,1480953600000,18.17,18.39,18.080000000000002,18.26,15099,27516238.000000004,0.0,0,18.180000000000003,0
20161207,1481040000000,18.11,18.419999999999998,18.11,18.37,18383,33628503.0,0.0,0,18.259999999999998,0
20161208,1481126400000,18.389999999999997,18.41,17.81,17.88,24905,45017498.0,0.0,0,18.369999999999997,0
20161209,1481212800000,17.8,18.150000000000002,17.8,18.13,17948,32374558.0,0.0,0,17.88,0
20161212,1481472000000,18.1,18.1,16.85,16.880000000000003,55809,96309478.00000001,0.0,0,18.130000000000003,0
20161213,1481558400000,16.95,17.12,16.48,17.0,39195,65445913.0,0.0,0,16.88,0
20161214,1481644800000,17.0,17.97,16.8,17.7,46109,80926861.0,0.0,0,17.0,0
20161215,1481731200000,17.6,18.040000000000003,17.42,17.62,20944,37000395.0,0.0,0,17.700000000000003,0
20161216,1481817600000,17.62,17.79,17.43,17.7,10723,18885512.000000004,0.0,0,17.62,0
20161219,1482076800000,17.7,17.88,17.48,17.580000000000002,16367,28806034.0,0.0,0,17.7,0
20161220,1482163200000,17.5,17.78,17.5,17.56,12364,21831778.0,0.0,0,17.58,0
20161221,1482249600000,17.6,18.19,17.6,18.040000000000003,24972,45037736.0,0.0,0,17.560000000000002,0
20161222,1482336000000,18.04,18.900000000000002,17.8,18.7,47591,87670945.0,0.0,0,18.04,0
20161223,1482422400000,18.689999999999998,18.779999999999998,18.2,18.29,19286,35440747.0,0.0,0,18.7,0
20161226,1482681600000,18.16,18.29,17.36,17.8,44704,78710424.0,0.0,0,18.29,0
20161227,1482768000000,17.85,18.0,17.62,17.96,18952,33799470.0,0.0,0,17.8,0
20161228,1482854400000,18.099999999999998,18.099999999999998,17.72,17.74,11494,20455189.0,0.0,0,17.959999999999997,0
20161229,1482940800000,17.82,18.150000000000002,17.67,18.05,18695,33646323.0,0.0,0,17.740000000000002,0
20161230,1483027200000,18.000000000000004,18.3,17.900000000000002,18.23,16643,30164586.0,0.0,0,18.05,0
20170103,1483372800000,18.41,18.49,18.13,18.38,23024,42122589.0,0.0,0,18.23,0
20170104,1483459200000,18.46,18.529999999999998,18.2,18.33,27655,50757658.0,0.0,0,18.38,0
20170105,1483545600000,18.38,18.41,18.25,18.33,17982,32912123.999999996,0.0,0,18.33,0
20170106,1483632000000,18.25,18.4,18.0,18.0,19658,35721262.00000001,0.0,0,18.33,0
20170109,1483891200000,17.98,18.3,17.77,18.18,23785,42952432.0,0.0,0,18.0,0
20170110,1483977600000,18.01,18.180000000000003,17.740000000000002,17.970000000000002,27557,49391126.0,0.0,0,18.180000000000003,0
20170111,1484064000000,17.889999999999997,18.11,17.81,17.98,20757,37407453.0,0.0,0,17.97,0
20170112,1484150400000,17.86,18.2,17.86,17.96,12322,22191227.0,0.0,0,17.98,0
20170113,1484236800000,17.860000000000003,18.130000000000003,17.400000000000002,17.450000000000003,28153,49937889.00000001,0.0,0,17.96,0
20170116,1484496000000,17.2,17.68,16.8,17.16,33752,58361318.99999999,0.0,0,17.45,0
20170117,1484582400000,17.2,17.64,17.05,17.35,29703,51446999.00000001,0.0,0,17.16,0
20170118,1484668800000,17.33,17.73,17.27,17.44,14154,24856038.999999996,0.0,0,17.349999999999998,0
20170119,1484755200000,17.3,17.470000000000002,17.080000000000002,17.450000000000003,27565,47575333.0,0.0,0,17.44,0
20170120,1484841600000,17.45,17.98,17.45,17.849999999999998,15677,27830828.000000004,0.0,0,17.45,0
20170123,1485100800000,17.9,18.13,17.79,17.99,17120,30710923.000000004,0.0,0,17.849999999999998,0
20170124,1485187200000,18.020000000000003,18.16,17.85,18.0,11627,20922183.0,0.0,0,17.990000000000002,0
20170125,1485273600000,17.860000000000003,18.12,17.85,18.07,10387,18692698.0,0.0,0,18.0,0
20170126,1485360000000,18.1,18.25,18.0,18.08,9495,17182454.0,0.0,0,18.07,0
20170203,1486051200000,18.1,18.13,17.93,18.09,9360,16853216.0,0.0,0,18.08,0
20170206,1486310400000,18.130000000000003,18.32,18.03,18.28,13308,24241442.000000004,0.0,0,18.09,0
20170207,1486396800000,18.2,18.470000000000002,18.05,18.11,13347,24358847.0,0.0,0,18.28,0
20170208,1486483200000,18.110000000000003,18.23,18.01,18.200000000000003,11699,21179122.0,0.0,0,18.110000000000003,0
20170209,1486569600000,18.13,18.74,18.13,18.619999999999997,22618,41947461.00000001,0.0,0,18.2,0
20170210,1486656000000,18.65,19.2,18.61,18.8,30340,57401171.0,0.0,0,18.62,0
20170213,1486915200000,18.79,19.09,18.47,18.95,21225,39901019.0,0.0,0,18.799999999999997,0
20170214,1487001600000,18.86,19.14,18.7,19.029999999999998,11451,21676818.0,0.0,0,18.95,0
20170215,1487088000000,19.189999999999998,19.189999999999998,18.81,18.88,11540,21882855.000000004,0.0,0,19.029999999999998,0
20170216,1487174400000,18.79,19.02,18.77,18.97,9509,18007992.0,0.0,0,18.88,0
20170217,1487260800000,18.84,19.080000000000002,18.78,18.94,16492,31187567.0,0.0,0,18.970000000000002,0
20170220,1487520000000,18.98,19.08,18.81,18.9,21527,40706801.0,0.0,0,18.939999999999998,0
20170221,1487606400000,18.970000000000002,19.330000000000002,18.900000000000002,19.250000000000004,20714,39621320.0,0.0,0,18.900000000000002,0
20170222,1487692800000,19.25,19.39,19.09,19.32,17855,34279490.0,0.0,0,19.25,0
20170223,1487779200000,19.25,19.26,19.0,19.2,14047,26849623.0,0.0,0,19.32,0
20170224,1487865600000,19.19,19.19,19.0,19.15,11549,22064482.000000004,0.0,0,19.2,0
20170227,1488124800000,19.130000000000003,19.26,19.03,19.150000000000002,10862,20803860.0,0.0,0,19.150000000000002,0
20170228,1488211200000,19.13,19.28,19.05,19.17,18397,35233804.0,0.0,0,19.150000000000002,0
20170301,1488297600000,19.23,19.91,19.14,19.89,34780,68158073.0,0.0,0,19.17,0
20170302,1488384000000,19.84,19.96,19.64,19.7,19971,39559896.0,0.0,0,19.89,0
20170303,1488470400000,19.55,19.810000000000002,19.55,19.77,13710,26981115.0,0.0,0,19.7,0
20170306,1488729600000,19.75,20.0,19.6,19.98,21686,43016616.0,0.0,0,19.770000000000003,0
20170307,1488816000000,20.0,20.0,19.62,19.86,20821,41261342.00000001,0.0,0,19.98,0
20170308,1488902400000,19.86,19.89,19.3,19.5,24796,48419482.00000001,0.0,0,19.86,0
20170309,1488988800000,19.5,19.65,19.34,19.56,16349,31935660.000000004,0.0,0,19.5,0
20170310,1489075200000,19.51,19.79,19.34,19.7,18027,35273119.0,0.0,0,19.56,0
20170313,1489334400000,19.75,19.75,19.31,19.619999999999997,21534,41906451.0,0.0,0,19.7,0
20170314,1489420800000,19.58,19.63,19.27,19.4,16420,31891891.000000004,0.0,0,19.62,0
20170315,1489507200000,19.45,19.45,19.29,19.349999999999998,10669,20653923.0,0.0,0,19.4,0
20170316,1489593600000,19.3,19.78,19.17,19.69,27944,54419841.0,0.0,0,19.35,0
20170317,1489680000000,19.74,19.75,19.5,19.5,13129,25772520.0,0.0,0,19.69,0
20170320,1489939200000,19.5,19.67,19.3,19.57,12557,24446832.0,0.0,0,19.5,0
20170321,1490025600000,19.580000000000002,19.650000000000002,19.35,19.42,11043,21482947.0,0.0,0,19.57,0
20170322,1490112000000,19.46,19.46,19.18,19.3,10992,21250939.0,0.0,0,19.419999999999998,0
20170323,1490198400000,19.200000000000003,19.450000000000003,19.150000000000002,19.250000000000004,15996,30903032.0,0.0,0,19.3,0
20170324,1490284800000,19.310000000000002,19.340000000000003,19.17,19.220000000000002,13904,26767330.999999996,0.0,0,19.25,0
20170327,1490544000000,19.220000000000002,19.53,19.01,19.400000000000002,21273,41016909.00000001,0.0,0,19.220000000000002,0
20170328,1490630400000,19.49,19.74,19.34,19.72,17691,34654904.0,0.0,0,19.4,0
20170329,1490716800000,19.720000000000002,19.720000000000002,19.21,19.23,15438,29946500.0,0.0,0,19.720000000000002,0
20170330,1490803200000,19.27,19.27,18.66,18.7,24336,45987320.00000001,0.0,0,19.23,0
20170331,1490889600000,18.7,18.95,18.54,18.849999999999998,16090,30158410.000000004,0.0,0,18.7,0
20170405,1491321600000,20.4,20.4,19.5,19.62,61541,122277602.0,0.0,0,18.85,0
20170406,1491408000000,19.6,19.76,18.900000000000002,19.180000000000003,39090,75179073.0,0.0,0,19.62,0
20170407,1491494400000,19.180000000000003,19.400000000000002,18.830000000000002,19.17,32396,61920580.99999999,0.0,0,19.180000000000003,0
20170410,1491753600000,19.6,20.98,19.5,20.26,65823,133346316.0,0.0,0,19.17,0
20170411,1491840000000,20.900000000000002,20.990000000000002,20.23,20.400000000000002,60307,124378591.00000001,0.0,0,20.26,0
20170412,1491926400000,20.21,20.53,19.73,20.13,42122,84691642.0,0.0,0,20.400000000000002,0
20170413,1492012800000,19.93,20.15,19.84,19.85,23174,46257300.00000001,0.0,0,20.13,0
20170414,1492099200000,19.759999999999998,19.96,19.52,19.7,23303,45944546.0,0.0,0,19.849999999999998,0
20170417,1492358400000,19.720000000000002,19.970000000000002,19.1,19.560000000000002,27298,53242447.00000001,0.0,0,19.700000000000003,0
20170418,1492444800000,19.57,19.7,18.73,18.86,46056,87795699.0,0.0,0,19.560000000000002,0
20170419,1492531200000,18.78,18.92,18.03,18.82,39698,72995786.0,0.0,0,18.86,0
20170420,1492617600000,18.78,18.900000000000002,18.150000000000002,18.55,25235,46515112.0,0.0,0,18.820000000000004,0
20170421,1492704000000,18.42,18.700000000000003,18.26,18.310000000000002,13361,24674307.000000004,0.0,0,18.55,0
20170424,1492963200000,18.3,18.42,18.0,18.42,16969,30779867.0,0.0,0,18.31,0
20170425,1493049600000,18.310000000000002,18.810000000000002,18.17,18.610000000000003,17873,33201891.0,0.0,0,18.42,0
20170426,1493136000000,18.820000000000004,18.89,18.400000000000002,18.630000000000003,12497,23255937.0,0.0,0,18.610000000000003,0
20170427,1493222400000,18.46,18.900000000000002,18.19,18.77,16932,31474567.0,0.0,0,18.630000000000003,0
20170428,1493308800000,18.81,19.28,18.52,19.25,16039,30630447.000000004,0.0,0,18.77,0
20170502,1493654400000,19.45,19.45,19.05,19.3,14543,27906836.000000004,0.0,0,19.25,0
20170503,1493740800000,19.3,19.3,18.86,19.2,13062,24940305.000000004,0.0,0,19.3,0
20170504,1493827200000,19.09,19.380000000000003,18.96,19.03,11382,21799459.0,0.0,0,19.2,0
20170505,1493913600000,18.919999999999998,19.08,18.68,18.69,12397,23361346.0,0.0,0,19.03,0
20170508,1494172800000,18.66,18.66,18.18,18.25,16929,31128339.0,0.0,0,18.69,0
20170509,1494259200000,18.11,18.5,18.11,18.46,8677,15909779.0,0.0,0,18.25,0
20170510,1494345600000,18.45,19.0,18.31,18.33,14792,27648455.000000004,0.0,0,18.459999999999997,0
20170511,1494432000000,18.2,18.62,17.96,18.48,22006,40441941.0,0.0,0,18.330000000000002,0
20170512,1494518400000,18.450000000000003,18.540000000000003,18.01,18.400000000000002,13806,25201805.0,0.0,0,18.48,0
20170515,1494777600000,18.41,18.48,18.21,18.3,5763,10591945.0,0.0,0,18.400000000000002,0
20170516,1494864000000,18.3,18.689999999999998,18.11,18.64,15928,29236260.0,0.0,0,18.3,0
20170517,1494950400000,18.590000000000003,19.180000000000003,18.580000000000002,18.950000000000003,22161,41792559.0,0.0,0,18.64,0
20170518,1495036800000,18.85,18.85,18.490000000000002,18.560000000000002,13439,25090163.000000004,0.0,0,18.950000000000003,0
20170519,1495123200000,18.54,18.66,18.2,18.4,15841,29130207.0,0.0,0,18.56,0
20170522,1495382400000,18.439999999999998,18.52,18.22,18.27,7822,14373866.0,0.0,0,18.4,0
20170523,1495468800000,18.349999999999998,18.349999999999998,17.61,17.88,12906,23255870.0,0.0,0,18.27,0
20170524,1495555200000,17.82,18.099999999999998,17.63,18.0,6595,11837149.0,0.0,0,17.88,0
20170525,1495641600000,18.5,18.5,17.72,18.25,13548,24505156.999999996,0.0,0,18.0,0
20170526,1495728000000,18.099999999999998,18.25,18.04,18.18,5964,10841054.0,0.0,0,18.25,0
20170531,1496160000000,18.490000000000002,18.490000000000002,18.21,18.23,6803,12465685.0,0.0,0,18.18,0
20170601,1496246400000,18.28,18.32,17.87,17.970000000000002,7203,13030845.0,0.0,0,18.23,0
20170602,1496332800000,17.91,18.83,17.7,18.58,20930,38524091.0,0.0,0,17.97,0
20170605,1496592000000,18.3,18.650000000000002,18.3,18.38,13013,23949636.0,0.0,0,18.580000000000002,0
20170606,1496678400000,18.29,18.39,18.18,18.29,7473,13659612.000000002,0.0,0,18.38,0
20170607,1496764800000,18.299999999999997,18.779999999999998,18.22,18.61,18122,33636542.0,0.0,0,18.29,0
20170608,1496851200000,18.65,18.75,18.52,18.65,10230,19052202.0,0.0,0,18.61,0
20170609,1496937600000,18.7,18.740000000000002,18.39,18.580000000000002,13647,25270102.0,0.0,0,18.650000000000002,0
20170612,1497196800000,18.58,18.58,18.18,18.18,9248,16975598.0,0.0,0,18.58,0
20170613,1497283200000,18.05,18.5,18.02,18.29,7180,13171246.0,0.0,0,18.18,0
20170614,1497369600000,18.23,18.45,18.23,18.36,8021,14720280.000000002,0.0,0,18.29,0
20170615,1497456000000,18.36,18.599999999999998,18.36,18.53,9901,18354331.0,0.0,0,18.36,0
20170616,1497542400000,13.200000000000001,13.290000000000001,12.950000000000001,13.13,11679,15282522.000000002,0.0,0,13.180000000000001,0
20170619,1497801600000,13.16,13.6,13.16,13.52,41356,55764218.0,0.0,0,13.13,0
20170620,1497888000000,13.43,13.74,13.43,13.51,22509,30617035.0,0.0,0,13.52,0
20170621,1497974400000,13.520000000000001,13.63,13.31,13.48,22915,30759997.0,0.0,0,13.51,0
20170622,1498060800000,13.44,13.5,13.0,13.01,20337,27031755.0,0.0,0,13.48,0
20170623,1498147200000,13.120000000000001,13.19,12.82,13.18,16737,21860866.0,0.0,0,13.01,0
20170626,1498406400000,13.22,13.299999999999999,13.01,13.28,18826,24814834.999999996,0.0,0,13.18,0
20170627,1498492800000,13.29,13.35,13.02,13.15,16613,21868793.0,0.0,0,13.28,0
20170628,1498579200000,13.15,13.19,13.02,13.02,10759,14072169.0,0.0,0,13.15,0
20170629,1498665600000,13.059999999999999,13.19,13.02,13.11,9085,11931520.000000002,0.0,0,13.02,0
20170630,1498752000000,13.05,13.180000000000001,13.05,13.120000000000001,9666,12676780.0,0.0,0,13.110000000000001,0
20170703,1499011200000,13.15,13.200000000000001,13.05,13.180000000000001,17498,22965271.999999996,0.0,0,13.120000000000001,0
20170704,1499097600000,13.18,13.39,13.08,13.18,23530,31115564.000000004,0.0,0,13.18,0
20170705,1499184000000,13.13,13.21,13.05,13.190000000000001,14277,18758417.0,0.0,0,13.180000000000001,0
20170706,1499270400000,13.2,13.33,12.92,13.14,31895,41846109.0,0.0,0,13.19,0
20170707,1499356800000,13.14,13.15,12.700000000000001,12.700000000000001,50026,64177784.0,0.0,0,13.14,0
20170710,1499616000000,12.71,12.71,12.05,12.13,68025,83691277.0,0.0,0,12.700000000000001,0
20170711,1499702400000,12.08,12.21,11.88,11.92,43495,52374122.0,0.0,0,12.13,0
20170712,1499788800000,11.9,12.17,11.85,11.959999999999999,31034,37276535.0,0.0,0,11.92,0
20170713,1499875200000,11.959999999999999,12.17,11.94,12.12,15414,18606814.0,0.0,0,11.959999999999999,0
20170714,1499961600000,12.11,12.15,11.92,12.0,19025,22858280.0,0.0,0,12.12,0
20170717,1500220800000,11.85,11.9,11.0,11.7,41971,48673074.0,0.0,0,12.0,0
20170718,1500307200000,11.48,11.73,11.35,11.7,28062,32255792.000000004,0.0,0,11.7,0
20170719,1500393600000,11.7,11.74,11.51,11.68,13100,15212380.0,0.0,0,11.7,0
20170720,1500480000000,11.58,11.9,11.540000000000001,11.700000000000001,14481,17054202.0,0.0,0,11.680000000000001,0
20170721,1500566400000,11.75,11.75,11.58,11.7,13317,15507955.000000002,0.0,0,11.7,0
20170724,1500825600000,11.66,11.72,11.55,11.67,15828,18457971.0,0.0,0,11.700000000000001,0
20170725,1500912000000,11.66,11.7,11.51,11.64,13756,15990786.0,0.0,0,11.67,0
20170726,1500998400000,11.66,11.66,11.47,11.520000000000001,12480,14407143.0,0.0,0,11.64,0
20170727,1501084800000,11.45,11.870000000000001,11.41,11.78,23052,27006384.000000004,0.0,0,11.52,0
20170728,1501171200000,11.8,11.94,11.66,11.69,28126,33152660.0,0.0,0,11.78,0
20170731,1501430400000,11.63,11.88,11.55,11.72,25979,30265743.000000004,0.0,0,11.690000000000001,0
20170801,1501516800000,11.76,11.77,11.59,11.67,21943,25566434.0,0.0,0,11.72,0
20170802,1501603200000,11.670000000000002,11.680000000000001,11.540000000000001,11.600000000000001,19453,22586506.0,0.0,0,11.670000000000002,0
20170803,1501689600000,11.62,11.74,11.53,11.549999999999999,17097,19883188.0,0.0,0,11.6,0
20170804,1501776000000,11.5,11.54,11.11,11.209999999999999,58758,66181800.00000001,0.0,0,11.549999999999999,0
20170807,1502035200000,11.09,11.31,11.09,11.2,14374,16155038.000000002,0.0,0,11.209999999999999,0
20170808,1502121600000,11.200000000000001,11.31,11.13,11.290000000000001,18591,20903494.0,0.0,0,11.200000000000001,0
20170809,1502208000000,11.200000000000001,11.38,11.200000000000001,11.350000000000001,18686,21144122.0,0.0,0,11.290000000000001,0
20170810,1502294400000,11.280000000000001,11.38,11.200000000000001,11.31,18200,20552261.0,0.0,0,11.350000000000001,0
20170811,1502380800000,11.3,11.3,11.06,11.06,20041,22338970.0,0.0,0,11.31,0
20170814,1502640000000,11.05,11.46,11.05,11.4,26858,30331602.999999996,0.0,0,11.06,0
20170815,1502726400000,11.459999999999999,11.61,11.42,11.56,31006,35730300.0,0.0,0,11.4,0
20170816,1502812800000,11.58,12.55,11.5,12.4,86730,104894762.0,0.0,0,11.56,0
20170817,1502899200000,12.35,12.65,12.35,12.4,65947,82348257.0,0.0,0,12.4,0
20170818,1502985600000,12.410000000000002,12.600000000000001,12.280000000000001,12.350000000000001,24819,30766671.0,0.0,0,12.4,0
20170821,1503244800000,12.350000000000001,12.49,12.3,12.350000000000001,17798,21977661.0,0.0,0,12.350000000000001,0
20170822,1503331200000,12.4,12.4,12.08,12.11,25973,31647051.000000004,0.0,0,12.35,0
20170823,1503417600000,12.2,12.2,11.84,12.01,25471,30537564.0,0.0,0,12.11,0
20170824,1503504000000,11.96,12.1,11.91,11.95,15441,18568143.0,0.0,0,12.01,0
20170825,1503590400000,11.93,12.15,11.89,12.09,15854,19063739.0,0.0,0,11.950000000000001,0
20170828,1503849600000,12.05,12.08,11.790000000000001,11.940000000000001,62720,74694127.0,0.0,0,12.090000000000002,0
20170829,1503936000000,11.99,12.22,11.950000000000001,12.06,37079,44842780.0,0.0,0,11.940000000000001,0
20170830,1504022400000,12.09,12.1,11.83,11.95,33997,40462488.0,0.0,0,12.06,0
20170831,1504108800000,11.93,12.07,11.9,12.05,16530,19790281.000000004,0.0,0,11.950000000000001,0
20170901,1504195200000,12.06,12.120000000000001,11.950000000000001,12.110000000000001,18055,21713445.000000004,0.0,0,12.05,0
20170904,1504454400000,12.110000000000001,12.25,12.06,12.190000000000001,25916,31480435.000000004,0.0,0,12.110000000000001,0
20170905,1504540800000,12.26,12.44,12.24,12.290000000000001,49706,61356574.0,0.0,0,12.19,0
20170906,1504627200000,12.23,12.41,12.15,12.370000000000001,29576,36243945.99999999,0.0,0,12.290000000000001,0
20170907,1504713600000,12.38,12.38,12.200000000000001,12.260000000000002,28497,34992887.00000001,0.0,0,12.370000000000001,0
20170908,1504800000000,12.24,12.36,12.17,12.3,22165,27175164.0,0.0,0,12.26,0
20170911,1505059200000,12.260000000000002,12.56,12.21,12.510000000000002,39034,48402835.00000001,0.0,0,12.3,0
20170912,1505145600000,12.51,12.620000000000001,12.4,12.450000000000001,30016,37487042.00000001,0.0,0,12.51,0
20170913,1505232000000,12.370000000000001,12.690000000000001,12.370000000000001,12.670000000000002,22715,28541497.0,0.0,0,12.450000000000001,0
20170914,1505318400000,12.7,12.719999999999999,12.52,12.62,20843,26244373.0,0.0,0,12.67,0
20170915,1505404800000,12.620000000000001,12.620000000000001,12.4,12.5,21379,26681599.999999996,0.0,0,12.620000000000001,0
20170918,1505664000000,12.450000000000001,12.770000000000001,12.38,12.73,34643,43799639.0,0.0,0,12.5,0
20170919,1505750400000,12.770000000000001,12.950000000000001,12.700000000000001,12.73,33838,43507242.0,0.0,0,12.73,0
20170920,1505836800000,12.73,12.99,12.64,12.97,27560,35421154.00000001,0.0,0,12.73,0
20170921,1505923200000,12.97,13.15,12.82,12.93,27932,36238677.0,0.0,0,12.97,0
20170922,1506009600000,12.860000000000001,13.110000000000001,12.790000000000001,13.030000000000001,22532,29252807.0,0.0,0,12.930000000000001,0
20170925,1506268800000,13.100000000000001,13.55,12.950000000000001,13.190000000000001,45805,60862508.0,0.0,0,13.030000000000001,0
20170926,1506355200000,13.15,13.33,13.05,13.16,21352,28079211.0,0.0,0,13.190000000000001,0
20170927,1506441600000,13.100000000000001,13.280000000000001,12.96,13.0,23430,30642514.000000004,0.0,0,13.16,0
20170928,1506528000000,12.96,13.190000000000001,12.96,13.090000000000002,23203,30384722.0,0.0,0,13.0,0
20170929,1506614400000,13.0,13.149999999999999,12.86,12.979999999999999,24171,31415765.000000004,0.0,0,13.09,0
20171009,1507478400000,13.06,13.15,12.870000000000001,13.080000000000002,22053,28691889.0,0.0,0,12.98,0
20171010,1507564800000,13.03,13.18,13.0,13.14,15307,20040318.0,0.0,0,13.08,0
20171011,1507651200000,13.1,13.209999999999999,13.02,13.11,19800,25947526.0,0.0,0,13.139999999999999,0
20171012,1507737600000,13.04,13.1,12.85,12.889999999999999,24818,32093524.000000004,0.0,0,13.11,0
20171013,1507824000000,12.88,12.88,12.67,12.8,34289,43750217.99999999,0.0,0,12.89,0
20171016,1508083200000,12.8,12.870000000000001,12.48,12.5,28404,35914616.0,0.0,0,12.8,0
20171017,1508169600000,12.5,12.57,12.35,12.44,23924,29723905.0,0.0,0,12.5,0
20171018,1508256000000,12.440000000000001,12.530000000000001,12.23,12.3,19730,24432615.0,0.0,0,12.440000000000001,0
20171019,1508342400000,12.31,12.46,12.23,12.35,12892,15920419.000000002,0.0,0,12.3,0
20171020,1508428800000,12.38,12.73,12.3,12.690000000000001,18465,23282205.0,0.0,0,12.350000000000001,0
20171023,1508688000000,12.61,12.92,12.61,12.78,19184,24601466.0,0.0,0,12.69,0
20171024,1508774400000,12.77,12.95,12.75,12.82,14277,18352563.0,0.0,0,12.78,0
20171025,1508860800000,12.72,13.350000000000001,12.700000000000001,13.280000000000001,45828,60471320.0,0.0,0,12.82,0
20171026,1508947200000,13.18,13.35,13.11,13.27,24645,32605242.000000004,0.0,0,13.28,0
20171027,1509033600000,13.27,13.4,13.18,13.35,30065,40157383.0,0.0,0,13.27,0
20171030,1509292800000,13.370000000000001,13.540000000000001,12.98,13.14,29446,38836372.0,0.0,0,13.35,0
20171031,1509379200000,13.09,13.21,12.98,13.08,17010,22226754.0,0.0,0,13.14,0
20171101,1509465600000,13.080000000000002,13.260000000000002,13.030000000000001,13.15,16855,22156937.0,0.0,0,13.080000000000002,0
20171102,1509552000000,13.16,13.25,12.9,13.13,25606,33573042.0,0.0,0,13.15,0
20171103,1509638400000,13.040000000000001,13.15,12.72,12.850000000000001,22160,28807342.0,0.0,0,13.13,0
20171106,1509897600000,12.81,12.96,12.8,12.9,24168,31170176.0,0.0,0,12.850000000000001,0
20171107,1509984000000,12.9,13.35,12.82,13.280000000000001,30223,39672799.00000001,0.0,0,12.9,0
20171108,1510070400000,13.18,13.379999999999999,13.18,13.29,24669,32816572.0,0.0,0,13.28,0
20171109,1510156800000,13.270000000000001,13.450000000000001,13.21,13.4,23964,32017938.0,0.0,0,13.290000000000001,0
20171110,1510243200000,13.33,13.5,13.3,13.450000000000001,23161,31088794.0,0.0,0,13.4,0
20171113,1510502400000,13.46,13.5,13.14,13.48,33463,44710861.0,0.0,0,13.450000000000001,0
20171114,1510588800000,13.48,13.73,13.3,13.33,42626,57785072.99999999,0.0,0,13.48,0
20171115,1510675200000,13.3,13.31,13.0,13.21,28136,37037333.0,0.0,0,13.33,0
20171116,1510761600000,13.16,13.780000000000001,13.15,13.690000000000001,53417,72403834.99999999,0.0,0,13.21,0
20171117,1510848000000,13.690000000000001,13.8,13.05,13.4,49443,66601233.0,0.0,0,13.690000000000001,0
20171120,1511107200000,13.31,13.790000000000001,13.07,13.700000000000001,49620,67359395.0,0.0,0,13.4,0
20171121,1511193600000,13.69,14.06,13.57,13.77,59486,82089058.0,0.0,0,13.700000000000001,0
20171122,1511280000000,13.88,14.08,13.49,13.64,43320,59870290.0,0.0,0,13.77,0
20171123,1511366400000,13.51,13.57,13.06,13.22,51878,68767914.0,0.0,0,13.64,0
20171124,1511452800000,13.15,13.32,13.0,13.0,22811,29904176.000000004,0.0,0,13.22,0
20171127,1511712000000,13.0,13.18,12.91,12.93,20666,26903708.0,0.0,0,13.0,0
20171128,1511798400000,12.96,13.13,12.89,13.100000000000001,12011,15650611.0,0.0,0,12.93,0
20171129,1511884800000,13.1,13.11,12.6,12.91,26655,34129537.0,0.0,0,13.1,0
20171130,1511971200000,12.830000000000002,12.940000000000001,12.700000000000001,12.700000000000001,12661,16213681.0,0.0,0,12.910000000000002,0
20171201,1512057600000,12.65,13.08,12.65,13.030000000000001,15034,19387927.000000004,0.0,0,12.700000000000001,0
20171204,1512316800000,12.95,13.139999999999999,12.86,13.08,21192,27590165.000000004,0.0,0,13.03,0
20171205,1512403200000,13.08,13.09,12.39,12.49,40521,51384601.0,0.0,0,13.08,0
20171206,1512489600000,12.49,12.740000000000002,12.200000000000001,12.700000000000001,29528,36765980.00000001,0.0,0,12.49,0
20171207,1512576000000,12.660000000000002,12.74,12.450000000000001,12.530000000000001,6228,7851672.0,0.0,0,12.700000000000001,0
20171208,1512662400000,12.58,12.700000000000001,12.48,12.6,10170,12802643.000000002,0.0,0,12.530000000000001,0
20171211,1512921600000,12.540000000000001,12.680000000000001,12.450000000000001,12.590000000000002,14660,18394649.0,0.0,0,12.600000000000001,0
20171212,1513008000000,12.59,12.59,12.31,12.34,9565,11892286.0,0.0,0,12.59,0
20171213,1513094400000,12.32,12.440000000000001,12.280000000000001,12.350000000000001,7056,8714346.0,0.0,0,12.340000000000002,0
20171214,1513180800000,12.340000000000002,12.520000000000001,12.280000000000001,12.48,7779,9633849.000000002,0.0,0,12.350000000000001,0
20171215,1513267200000,12.48,12.59,12.41,12.5,7973,9987403.000000002,0.0,0,12.48,0
20171218,1513526400000,12.43,12.85,12.41,12.73,16129,20532075.999999996,0.0,0,12.5,0
20171219,1513612800000,12.73,12.850000000000001,12.63,12.770000000000001,7776,9922661.0,0.0,0,12.73,0
20171220,1513699200000,12.700000000000001,12.97,12.63,12.870000000000001,12871,16524921.000000002,0.0,0,12.770000000000001,0
20171221,1513785600000,12.870000000000001,12.9,12.72,12.850000000000001,5270,6756199.0,0.0,0,12.870000000000001,0
20171222,1513872000000,12.860000000000001,12.940000000000001,12.81,12.860000000000001,4855,6255955.000000001,0.0,0,12.85,0
20171225,1514131200000,12.809999999999999,12.85,12.52,12.549999999999999,6848,8671994.0,0.0,0,12.86,0
20171226,1514217600000,12.59,12.850000000000001,12.55,12.8,8347,10652669.0,0.0,0,12.55,0
20171227,1514304000000,12.8,12.860000000000001,12.71,12.770000000000001,3699,4730649.000000001,0.0,0,12.8,0
20171228,1514390400000,12.610000000000001,12.750000000000002,12.530000000000001,12.530000000000001,11480,14490756.999999998,0.0,0,12.770000000000001,0
20171229,1514476800000,12.540000000000001,12.850000000000001,12.540000000000001,12.680000000000001,12722,16176458.0,0.0,0,12.530000000000001,0
20180102,1514822400000,12.690000000000001,12.88,12.620000000000001,12.870000000000001,5839,7475041.0,0.0,0,12.680000000000001,0
20180103,1514908800000,12.870000000000001,12.99,12.74,12.950000000000001,11873,15313592.000000002,0.0,0,12.870000000000001,0
20180104,1514995200000,12.94,12.99,12.85,12.9,6287,8114137.0,0.0,0,12.95,0
20180105,1515081600000,12.82,12.9,12.700000000000001,12.770000000000001,13376,17080168.0,0.0,0,12.9,0
20180108,1515340800000,12.75,12.8,12.57,12.790000000000001,12899,16337319.000000002,0.0,0,12.77,0
20180109,1515427200000,12.94,12.95,12.67,12.709999999999999,19989,25585062.0,0.0,0,12.79,0
20180110,1515513600000,12.64,12.73,12.5,12.65,12779,16113994.0,0.0,0,12.71,0
20180111,1515600000000,12.67,12.67,12.52,12.6,10419,13114019.0,0.0,0,12.65,0
20180112,1515686400000,12.530000000000001,12.600000000000001,12.370000000000001,12.39,10251,12801229.000000002,0.0,0,12.600000000000001,0
20180115,1515945600000,12.39,12.620000000000001,12.21,12.280000000000001,10296,12810294.000000002,0.0,0,12.39,0
20180116,1516032000000,12.25,12.379999999999999,12.19,12.27,11657,14295726.000000002,0.0,0,12.28,0
20180117,1516118400000,12.18,12.35,12.1,12.299999999999999,10425,12737298.0,0.0,0,12.27,0
20180118,1516204800000,12.280000000000001,12.33,12.22,12.24,8848,10854462.0,0.0,0,12.3,0
20180119,1516291200000,12.31,12.5,12.21,12.260000000000002,20718,25673519.0,0.0,0,12.24,0
20180122,1516550400000,12.26,12.68,12.26,12.59,26316,33041876.000000004,0.0,0,12.26,0
20180123,1516636800000,12.59,12.7,12.42,12.51,12588,15808329.000000002,0.0,0,12.59,0
20180124,1516723200000,12.52,12.65,12.43,12.61,13849,17377656.000000004,0.0,0,12.51,0
20180125,1516809600000,12.65,12.73,12.530000000000001,12.580000000000002,17705,22343864.0,0.0,0,12.610000000000001,0
20180126,1516896000000,12.55,12.57,12.200000000000001,12.290000000000001,21009,26013400.0,0.0,0,12.580000000000002,0
20180129,1517155200000,12.350000000000001,12.350000000000001,11.71,11.790000000000001,23771,28444483.0,0.0,0,12.290000000000001,0
20180130,1517241600000,11.799999999999999,11.93,11.76,11.799999999999999,8211,9710652.0,0.0,0,11.79,0
20180131,1517328000000,11.76,11.84,11.51,11.709999999999999,13149,15340066.000000002,0.0,0,11.799999999999999,0
20180201,1517414400000,11.65,11.83,11.42,11.43,14101,16336153.0,0.0,0,11.709999999999999,0
20180202,1517500800000,11.43,11.48,11.23,11.26,12360,14014256.0,0.0,0,11.43,0
20180205,1517760000000,11.26,11.430000000000001,11.22,11.39,6055,6884516.000000001,0.0,0,11.26,0
20180206,1517846400000,11.21,11.39,10.74,10.790000000000001,11525,12793737.0,0.0,0,11.39,0
20180207,1517932800000,10.93,11.200000000000001,10.15,10.65,20112,21305160.0,0.0,0,10.790000000000001,0
20180208,1518019200000,10.620000000000001,10.8,10.55,10.760000000000002,8345,8933656.0,0.0,0,10.65,0
20180209,1518105600000,10.590000000000002,10.670000000000002,10.200000000000001,10.48,8544,8962490.0,0.0,0,10.760000000000002,0
20180212,1518364800000,10.48,10.850000000000001,10.46,10.73,11191,11881010.0,0.0,0,10.48,0
20180213,1518451200000,10.840000000000002,11.0,10.71,10.8,10797,11738697.0,0.0,0,10.73,0
20180214,1518537600000,10.98,11.0,10.76,10.959999999999999,5413,5899477.000000001,0.0,0,10.799999999999999,0
20180222,1519228800000,10.96,11.15,10.96,11.05,6992,7744025.000000001,0.0,0,10.96,0
20180223,1519315200000,11.1,11.120000000000001,10.99,11.040000000000001,5264,5819261.0,0.0,0,11.05,0
20180226,1519574400000,11.14,11.32,11.07,11.25,8532,9581144.000000002,0.0,0,11.040000000000001,0
20180227,1519660800000,11.35,11.540000000000001,11.23,11.24,10681,12076930.0,0.0,0,11.25,0
20180228,1519747200000,11.260000000000002,11.440000000000001,11.13,11.350000000000001,13874,15698243.000000002,0.0,0,11.24,0
20180301,1519833600000,11.27,11.66,11.27,11.639999999999999,16431,18973243.0,0.0,0,11.35,0
20180302,1519920000000,11.53,11.729999999999999,11.44,11.49,8645,10005662.0,0.0,0,11.639999999999999,0
20180305,1520179200000,11.610000000000001,11.610000000000001,11.290000000000001,11.48,9191,10463085.0,0.0,0,11.49,0
20180306,1520265600000,11.52,11.6,11.44,11.51,9988,11534538.0,0.0,0,11.479999999999999,0
20180307,1520352000000,11.47,11.58,11.31,11.33,6825,7806753.0,0.0,0,11.51,0
20180308,1520438400000,11.42,11.42,11.24,11.3,13678,15434212.0,0.0,0,11.33,0
20180309,1520524800000,11.3,11.65,11.23,11.59,14915,17126021.0,0.0,0,11.3,0
20180312,1520784000000,11.65,11.92,11.55,11.620000000000001,21427,25109751.000000004,0.0,0,11.59,0
20180313,1520870400000,11.67,11.729999999999999,11.53,11.569999999999999,13832,16040627.0,0.0,0,11.62,0
20180314,1520956800000,11.64,11.64,11.32,11.36,10584,12129801.000000002,0.0,0,11.57,0
20180315,1521043200000,11.31,11.48,11.15,11.31,8509,9616832.0,0.0,0,11.360000000000001,0
20180316,1521129600000,11.47,11.47,11.14,11.200000000000001,14772,16619884.0,0.0,0,11.31,0
20180319,1521388800000,11.11,11.33,11.11,11.25,9134,10284583.0,0.0,0,11.2,0
20180320,1521475200000,11.25,11.32,11.14,11.25,9136,10241470.0,0.0,0,11.25,0
20180321,1521561600000,11.260000000000002,11.410000000000002,11.200000000000001,11.22,8777,9936675.0,0.0,0,11.250000000000002,0
20180322,1521648000000,11.24,11.3,10.82,10.97,19114,21076042.0,0.0,0,11.22,0
20180323,1521734400000,10.9,11.8,10.82,11.22,61014,68800388.99999999,0.0,0,10.97,0
20180326,1521993600000,11.1,11.15,10.17,10.97,53608,57062627.0,0.0,0,11.22,0
20180327,1522080000000,11.19,11.61,11.01,11.1,35587,40118322.0,0.0,0,10.97,0
20180328,1522166400000,11.0,11.26,11.0,11.11,22575,25120077.0,0.0,0,11.1,0
20180329,1522252800000,11.11,11.370000000000001,11.07,11.18,30280,33923899.0,0.0,0,11.11,0
20180330,1522339200000,11.200000000000001,11.450000000000001,11.200000000000001,11.4,39981,45392796.00000001,0.0,0,11.180000000000001,0
20180402,1522598400000,11.48,11.96,11.46,11.540000000000001,48994,57379041.0,0.0,0,11.4,0
20180403,1522684800000,11.54,11.89,11.42,11.8,64024,74997062.0,0.0,0,11.54,0
20180404,1522771200000,11.74,11.9,11.69,11.78,41149,48497532.0,0.0,0,11.799999999999999,0
20180409,1523203200000,11.799999999999999,12.17,11.61,11.7,39554,46640641.0,0.0,0,11.78,0
20180410,1523289600000,11.709999999999999,11.819999999999999,11.53,11.78,23246,27188544.0,0.0,0,11.7,0
20180411,1523376000000,11.84,11.84,11.59,11.629999999999999,29563,34560769.0,0.0,0,11.78,0
20180412,1523462400000,11.639999999999999,11.7,11.6,11.65,15682,18276499.0,0.0,0,11.629999999999999,0
20180413,1523548800000,11.690000000000001,11.790000000000001,11.56,11.6,11635,13576356.000000002,0.0,0,11.65,0
20180416,1523808000000,11.57,11.58,11.18,11.5,23121,26425083.000000004,0.0,0,11.6,0
20180417,1523894400000,11.5,11.600000000000001,11.21,11.24,19641,22370101.0,0.0,0,11.5,0
20180418,1523980800000,11.27,11.42,10.99,11.22,30207,33680702.0,0.0,0,11.24,0
20180419,1524067200000,11.11,11.35,11.1,11.209999999999999,15336,17246556.000000004,0.0,0,11.219999999999999,0
20180420,1524153600000,11.17,11.42,11.08,11.09,22389,25260662.0,0.0,0,11.21,0
20180423,1524412800000,11.06,11.27,10.83,11.02,15832,17406560.0,0.0,0,11.09,0
20180424,1524499200000,11.02,11.23,11.01,11.18,11806,13164797.000000002,0.0,0,11.02,0
20180425,1524585600000,11.1,11.3,11.09,11.25,18823,21078004.0,0.0,0,11.18,0
20180426,1524672000000,11.22,11.290000000000001,11.08,11.09,13786,15421630.000000002,0.0,0,11.25,0
20180427,1524758400000,11.08,11.209999999999999,10.93,11.18,10989,12219236.0,0.0,0,11.09,0
20180502,1525190400000,11.200000000000001,11.34,11.05,11.15,21260,23745429.999999996,0.0,0,11.180000000000001,0
20180503,1525276800000,11.05,11.27,11.0,11.23,11620,12986982.0,0.0,0,11.15,0
20180504,1525363200000,11.250000000000002,11.250000000000002,11.120000000000001,11.170000000000002,11176,12474897.0,0.0,0,11.23,0
20180507,1525622400000,11.18,11.33,11.17,11.3,27226,30635526.0,0.0,0,11.17,0
20180508,1525708800000,11.29,11.549999999999999,11.27,11.4,21858,25010286.0,0.0,0,11.299999999999999,0
20180509,1525795200000,11.4,11.45,11.34,11.43,9874,11248981.000000002,0.0,0,11.4,0
20180510,1525881600000,11.41,11.629999999999999,11.35,11.56,24894,28535258.0,0.0,0,11.43,0
20180511,1525968000000,11.56,11.56,11.34,11.36,16474,18826038.0,0.0,0,11.56,0
20180514,1526227200000,11.38,11.42,11.25,11.25,19601,22195760.0,0.0,0,11.36,0
20180515,1526313600000,11.32,11.32,11.21,11.31,15042,16960412.000000004,0.0,0,11.25,0
20180516,1526400000000,11.3,12.08,11.3,11.790000000000001,83212,97832550.0,0.0,0,11.31,0
20180517,1526486400000,11.71,11.950000000000001,11.620000000000001,11.65,38316,45024606.00000001,0.0,0,11.790000000000001,0
20180518,1526572800000,11.700000000000001,11.97,11.64,11.89,42516,50301241.00000001,0.0,0,11.65,0
20180521,1526832000000,11.799999999999999,12.06,11.76,12.0,47500,56745538.0,0.0,0,11.89,0
20180522,1526918400000,11.97,12.55,11.91,12.53,106795,132197553.0,0.0,0,12.0,0
20180523,1527004800000,12.56,13.47,12.56,12.84,143757,187898542.0,0.0,0,12.530000000000001,0
20180524,1527091200000,12.74,13.180000000000001,12.700000000000001,13.030000000000001,66072,85839640.00000001,0.0,0,12.840000000000002,0
20180525,1527177600000,12.950000000000001,13.38,12.700000000000001,13.15,75994,98919668.0,0.0,0,13.030000000000001,0
20180528,1527436800000,13.110000000000001,13.88,12.9,13.780000000000001,124977,168498868.0,0.0,0,13.15,0
20180529,1527523200000,13.690000000000001,13.82,13.3,13.32,69000,93847570.0,0.0,0,13.780000000000001,0
20180530,1527609600000,13.03,13.84,12.91,13.41,85521,114832017.0,0.0,0,13.32,0
20180531,1527696000000,13.559999999999999,14.19,13.36,14.09,97121,135061438.0,0.0,0,13.41,0
20180601,1527782400000,14.090000000000002,14.090000000000002,13.21,13.55,77627,105003807.0,0.0,0,14.090000000000002,0
20180604,1528041600000,13.55,13.780000000000001,13.120000000000001,13.56,45582,61313191.99999999,0.0,0,13.55,0
20180605,1528128000000,13.530000000000001,13.99,13.38,13.850000000000001,51094,70602236.0,0.0,0,13.56,0
20180606,1528214400000,13.790000000000001,14.47,13.65,14.030000000000001,77467,109747004.0,0.0,0,13.85,0
20180607,1528300800000,14.12,14.18,13.6,13.639999999999999,53232,73228876.0,0.0,0,14.03,0
20180608,1528387200000,13.63,13.72,13.22,13.67,50243,67465370.0,0.0,0,13.64,0
20180611,1528646400000,13.51,13.66,13.09,13.17,64722,86035844.00000001,0.0,0,13.67,0
20180612,1528732800000,13.1,13.7,13.1,13.6,48026,64608339.0,0.0,0,13.17,0
20180613,1528819200000,13.510000000000002,13.750000000000002,13.030000000000001,13.100000000000001,39121,52304907.00000001,0.0,0,13.600000000000001,0
20180614,1528905600000,13.020000000000001,13.240000000000002,12.530000000000001,12.700000000000001,59752,76509576.99999999,0.0,0,13.100000000000001,0
20180615,1528992000000,12.72,12.97,12.3,12.46,34443,43281602.00000001,0.0,0,12.700000000000001,0
20180619,1529337600000,12.42,12.559999999999999,11.52,11.719999999999999,66639,79878112.0,0.0,0,12.459999999999999,0
20180620,1529424000000,11.92,12.22,11.58,11.85,35802,42633986.0,0.0,0,11.72,0
20180621,1529510400000,11.83,11.94,10.67,10.67,112589,124332254.00000001,0.0,0,11.85,0
20180622,1529596800000,10.41,10.88,10.21,10.41,84239,88795220.0,0.0,0,10.670000000000002,0
20180625,1529856000000,10.520000000000001,10.700000000000001,10.21,10.260000000000002,50855,53250215.0,0.0,0,10.41,0
20180626,1529942400000,10.190000000000001,10.38,9.98,10.280000000000001,52998,54081202.00000001,0.0,0,10.26,0
20180627,1530028800000,7.32,7.33,6.84,6.99,73111,51564890.00000001,0.0,0,7.29,0
20180628,1530115200000,6.99,7.109999999999999,6.8,6.88,57695,40097942.0,0.0,0,6.99,0
20180629,1530201600000,7.0,7.12,6.88,7.05,108776,76419789.0,0.0,0,6.88,0
20180702,1530460800000,7.04,7.16,6.83,6.9,72842,51189511.0,0.0,0,7.05,0
20180703,1530547200000,6.890000000000001,6.960000000000001,6.6000000000000005,6.86,71357,48551979.00000001,0.0,0,6.9,0
20180704,1530633600000,6.85,6.88,6.43,6.56,70058,46510115.0,0.0,0,6.859999999999999,0
20180705,1530720000000,6.56,6.62,6.21,6.34,42457,27609380.0,0.0,0,6.56,0
20180706,1530806400000,6.37,6.9,6.3100000000000005,6.66,81619,54040334.00000001,0.0,0,6.340000000000001,0
20180709,1531065600000,6.59,6.83,6.59,6.74,51625,34471576.0,0.0,0,6.66,0
20180710,1531152000000,6.760000000000001,6.800000000000001,6.61,6.7,40457,27076727.0,0.0,0,6.74,0
20180711,1531238400000,6.550000000000001,6.550000000000001,6.28,6.4,67435,42936129.0,0.0,0,6.7,0
20180712,1531324800000,6.38,6.66,6.36,6.57,68792,44952487.0,0.0,0,6.4,0
20180713,1531411200000,6.590000000000001,6.91,6.48,6.890000000000001,79174,53215581.0,0.0,0,6.57,0
20180716,1531670400000,6.89,6.9399999999999995,6.68,6.779999999999999,76368,51750840.0,0.0,0,6.89,0
20180717,1531756800000,6.7700000000000005,6.99,6.65,6.890000000000001,60016,40795693.0,0.0,0,6.78,0
20180718,1531843200000,6.890000000000001,7.010000000000001,6.78,6.8500000000000005,51112,35295112.0,0.0,0,6.890000000000001,0
20180719,1531929600000,6.78,6.87,6.66,6.72,35335,23813433.0,0.0,0,6.8500000000000005,0
20180720,1532016000000,6.7,6.82,6.61,6.78,21722,14689825.0,0.0,0,6.720000000000001,0
20180723,1532275200000,6.82,6.84,6.66,6.76,33207,22409664.0,0.0,0,6.78,0
20180724,1532361600000,6.74,6.96,6.65,6.91,45940,31463355.000000004,0.0,0,6.760000000000001,0
20180725,1532448000000,6.930000000000001,6.960000000000001,6.8500000000000005,6.920000000000001,25473,17597484.0,0.0,0,6.91,0
20180726,1532534400000,6.93,7.06,6.88,6.95,33876,23577890.999999996,0.0,0,6.92,0
20180727,1532620800000,6.9399999999999995,6.96,6.8,6.85,24334,16723235.0,0.0,0,6.95,0
20180730,1532880000000,6.800000000000001,6.880000000000001,6.44,6.61,35694,23946925.0,0.0,0,6.8500000000000005,0
20180731,1532966400000,6.61,6.84,6.58,6.82,39613,26817249.0,0.0,0,6.61,0
20180801,1533052800000,6.7700000000000005,6.87,6.62,6.64,32673,21994454.0,0.0,0,6.82,0
20180802,1533139200000,6.58,6.69,6.24,6.41,35697,23029693.000000004,0.0,0,6.640000000000001,0
20180803,1533225600000,6.34,6.42,6.21,6.27,28729,18110051.0,0.0,0,6.41,0
20180806,1533484800000,6.27,6.33,6.05,6.08,25163,15581859.0,0.0,0,6.27,0
20180807,1533571200000,6.140000000000001,6.29,6.07,6.220000000000001,23255,14378880.0,0.0,0,6.08,0
20180808,1533657600000,6.22,6.34,6.22,6.239999999999999,20453,12869476.0,0.0,0,6.22,0
20180809,1533744000000,6.1000000000000005,6.420000000000001,6.1000000000000005,6.36,20448,13015558.0,0.0,0,6.24,0
20180810,1533830400000,6.33,6.48,6.33,6.41,15987,10251945.0,0.0,0,6.36,0
20180813,1534089600000,6.37,6.39,6.21,6.39,26288,16551883.0,0.0,0,6.41,0
20180814,1534176000000,6.380000000000001,6.48,6.3500000000000005,6.41,21731,13931003.0,0.0,0,6.390000000000001,0
20180815,1534262400000,6.42,6.430000000000001,6.2,6.23,14940,9423171.000000002,0.0,0,6.41,0
20180816,1534348800000,6.16,6.2700000000000005,6.1000000000000005,6.19,17479,10828790.0,0.0,0,6.23,0
20180817,1534435200000,6.32,6.32,5.99,6.07,25362,15519567.000000002,0.0,0,6.19,0
20180820,1534694400000,6.010000000000001,6.1000000000000005,5.8500000000000005,6.03,40584,24283326.000000004,0.0,0,6.07,0
20180821,1534780800000,6.03,6.12,5.95,6.04,47444,28649807.0,0.0,0,6.03,0
20180822,1534867200000,6.0200000000000005,6.050000000000001,5.6000000000000005,5.670000000000001,61801,35703729.0,0.0,0,6.040000000000001,0
20180823,1534953600000,5.63,5.81,5.63,5.75,49111,28156127.0,0.0,0,5.67,0
20180824,1535040000000,5.7700000000000005,5.800000000000001,5.65,5.74,31071,17814334.0,0.0,0,5.75,0
20180827,1535299200000,5.779999999999999,5.88,5.68,5.859999999999999,35559,20713372.000000004,0.0,0,5.739999999999999,0
20180828,1535385600000,5.84,5.94,5.75,5.88,27104,15842582.000000002,0.0,0,5.86,0
20180829,1535472000000,5.9,5.9,5.78,5.78,19379,11292269.0,0.0,0,5.88,0
20180830,1535558400000,5.8,5.86,5.74,5.7700000000000005,20920,12130255.0,0.0,0,5.78,0
20180831,1535644800000,5.74,5.779999999999999,5.51,5.55,37141,20960574.0,0.0,0,5.77,0
20180903,1535904000000,5.56,5.82,5.54,5.7700000000000005,36391,20780466.0,0.0,0,5.55,0
20180904,1535990400000,5.74,5.82,5.66,5.78,25859,14838981.000000002,0.0,0,5.7700000000000005,0
20180905,1536076800000,5.75,5.78,5.63,5.6499999999999995,37703,21510009.0,0.0,0,5.78,0
20180906,1536163200000,5.630000000000001,5.710000000000001,5.6000000000000005,5.680000000000001,30433,17282059.0,0.0,0,5.65,0
20180907,1536249600000,5.65,5.74,5.5600000000000005,5.590000000000001,33643,19033097.0,0.0,0,5.680000000000001,0
20180910,1536508800000,5.63,5.63,5.3,5.33,36115,19622052.0,0.0,0,5.59,0
20180911,1536595200000,5.3,5.38,5.26,5.34,22597,12037620.0,0.0,0,5.33,0
20180912,1536681600000,5.3500000000000005,5.41,5.28,5.34,40800,21776498.0,0.0,0,5.34,0
20180913,1536768000000,5.37,5.41,5.16,5.32,47250,24939717.0,0.0,0,5.34,0
20180914,1536854400000,5.29,5.41,5.28,5.34,34587,18487057.0,0.0,0,5.32,0
20180917,1537113600000,5.3100000000000005,5.33,5.16,5.2,25498,13278570.0,0.0,0,5.34,0
20180918,1537200000000,5.140000000000001,5.2700000000000005,5.1000000000000005,5.24,30559,15829886.000000002,0.0,0,5.2,0
20180919,1537286400000,5.25,5.4,5.2,5.36,40668,21664983.0,0.0,0,5.24,0
20180920,1537372800000,5.34,5.430000000000001,5.28,5.3100000000000005,26914,14334122.0,0.0,0,5.36,0
20180921,1537459200000,5.3500000000000005,5.42,5.28,5.41,38609,20639274.000000004,0.0,0,5.3100000000000005,0
20180925,1537804800000,5.3500000000000005,5.430000000000001,5.32,5.42,19813,10667087.0,0.0,0,5.41,0
20180926,1537891200000,5.45,5.96,5.37,5.96,131089,75866612.0,0.0,0,5.42,0
20180927,1537977600000,5.99,6.06,5.76,5.779999999999999,170229,100884383.0,0.0,0,5.96,0
20180928,1538064000000,5.79,5.86,5.69,5.7700000000000005,90046,51816068.0,0.0,0,5.78,0
20181008,1538928000000,5.62,5.72,5.54,5.62,55339,31154526.0,0.0,0,5.7700000000000005,0
20181009,1539014400000,5.62,5.68,5.43,5.5,60228,33321051.0,0.0,0,5.62,0
20181010,1539100800000,5.45,5.5,5.34,5.43,53153,28787466.999999996,0.0,0,5.5,0
20181011,1539187200000,5.2299999999999995,5.2299999999999995,4.89,4.96,106905,54026159.99999999,0.0,0,5.43,0
20181012,1539273600000,4.9,5.05,4.74,4.96,43905,21504833.0,0.0,0,4.96,0
20181015,1539532800000,5.04,5.08,4.84,5.03,57620,28613439.0,0.0,0,4.96,0
20181016,1539619200000,4.97,5.0,4.83,4.87,25318,12436708.0,0.0,0,5.03,0
20181017,1539705600000,4.95,4.98,4.75,4.9,24256,11864806.0,0.0,0,4.87,0
20181018,1539792000000,4.87,4.91,4.7700000000000005,4.840000000000001,21490,10419944.0,0.0,0,4.9,0
20181019,1539878400000,4.78,5.0,4.75,4.9,39114,19108229.999999996,0.0,0,4.84,0
20181022,1540137600000,5.0200000000000005,5.180000000000001,4.95,5.07,50120,25366148.0,0.0,0,4.9,0
20181023,1540224000000,5.069999999999999,5.17,4.97,4.989999999999999,35822,18113014.000000004,0.0,0,5.069999999999999,0
20181024,1540310400000,4.96,5.15,4.95,5.11,36801,18620678.0,0.0,0,4.99,0
20181025,1540396800000,5.0,5.13,4.95,5.12,38523,19378286.0,0.0,0,5.11,0
20181026,1540483200000,5.140000000000001,5.180000000000001,5.1000000000000005,5.140000000000001,25375,13046471.0,0.0,0,5.12,0
20181029,1540742400000,5.140000000000001,5.180000000000001,5.0600000000000005,5.08,24753,12713934.0,0.0,0,5.140000000000001,0
20181030,1540828800000,5.1000000000000005,5.19,5.0200000000000005,5.140000000000001,19454,9946196.0,0.0,0,5.08,0
20181031,1540915200000,5.16,5.19,5.1000000000000005,5.15,48240,24808923.000000004,0.0,0,5.140000000000001,0
20181101,1541001600000,5.15,5.260000000000001,5.15,5.19,44673,23241392.0,0.0,0,5.15,0
20181102,1541088000000,5.22,5.45,5.22,5.42,68629,36591334.0,0.0,0,5.1899999999999995,0
20181105,1541347200000,5.41,5.41,5.3100000000000005,5.37,43885,23503921.0,0.0,0,5.420000000000001,0
20181106,1541433600000,5.37,5.4,5.21,5.39,35423,18776130.000000004,0.0,0,5.37,0
20181107,1541520000000,5.37,5.64,5.33,5.46,63788,34877792.0,0.0,0,5.39,0
20181108,1541606400000,5.470000000000001,5.470000000000001,5.24,5.32,66088,35581797.0,0.0,0,5.46,0
20181109,1541692800000,5.26,5.46,5.26,5.37,50129,27019809.000000004,0.0,0,5.319999999999999,0
20181112,1541952000000,5.390000000000001,5.550000000000001,5.36,5.53,38615,21110781.000000004,0.0,0,5.37,0
20181113,1542038400000,5.470000000000001,5.75,5.44,5.670000000000001,50239,28221293.0,0.0,0,5.53,0
20181114,1542124800000,5.72,5.75,5.58,5.58,37468,21192335.0,0.0,0,5.67,0
20181115,1542211200000,5.58,5.68,5.58,5.68,29152,16447535.999999998,0.0,0,5.58,0
20181116,1542297600000,5.75,5.75,5.62,5.68,36745,20882435.0,0.0,0,5.68,0
20181119,1542556800000,5.66,5.7,5.61,5.680000000000001,37924,21419507.0,0.0,0,5.680000000000001,0
20181120,1542643200000,5.6499999999999995,5.7,5.47,5.51,38913,21733364.0,0.0,0,5.68,0
20181121,1542729600000,5.470000000000001,5.6000000000000005,5.44,5.5600000000000005,37076,20496825.0,0.0,0,5.510000000000001,0
20181122,1542816000000,5.62,5.66,5.5600000000000005,5.630000000000001,28135,15799325.000000002,0.0,0,5.5600000000000005,0
20181123,1542902400000,5.640000000000001,5.65,5.3100000000000005,5.3500000000000005,41084,22374423.000000004,0.0,0,5.630000000000001,0
20181126,1543161600000,5.3500000000000005,5.420000000000001,5.2700000000000005,5.29,22802,12144397.000000002,0.0,0,5.3500000000000005,0
20181127,1543248000000,5.32,5.420000000000001,5.3100000000000005,5.37,22748,12239198.000000002,0.0,0,5.290000000000001,0
20181128,1543334400000,5.4,5.5600000000000005,5.3500000000000005,5.540000000000001,32315,17698093.0,0.0,0,5.37,0
20181129,1543420800000,5.54,5.65,5.5,5.57,28778,16036739.000000002,0.0,0,5.54,0
20181130,1543507200000,5.58,5.58,5.4,5.49,30763,16826393.0,0.0,0,5.57,0
20181203,1543766400000,5.6000000000000005,5.69,5.53,5.59,36439,20471707.0,0.0,0,5.49,0
20181204,1543852800000,5.640000000000001,5.66,5.57,5.640000000000001,27991,15723247.000000002,0.0,0,5.59,0
20181205,1543939200000,5.56,5.68,5.46,5.67,38518,21546239.0,0.0,0,5.64,0
20181206,1544025600000,5.61,5.65,5.5,5.56,21658,12078282.000000002,0.0,0,5.67,0
20181207,1544112000000,5.56,5.59,5.46,5.53,18871,10432612.0,0.0,0,5.56,0
20181210,1544371200000,5.43,5.5,5.38,5.45,12497,6791346.0,0.0,0,5.53,0
20181211,1544457600000,5.4799999999999995,5.49,5.38,5.4399999999999995,14718,8010100.0,0.0,0,5.45,0
20181212,1544544000000,5.47,5.53,5.42,5.52,23311,12756128.0,0.0,0,5.4399999999999995,0
20181213,1544630400000,5.54,5.630000000000001,5.48,5.62,32589,18152097.0,0.0,0,5.5200000000000005,0
20181214,1544716800000,5.61,5.79,5.54,5.7,62222,35250541.00000001,0.0,0,5.62,0
20181217,1544976000000,5.659999999999999,5.9799999999999995,5.64,5.949999999999999,91987,53615291.0,0.0,0,5.699999999999999,0
20181218,1545062400000,5.95,5.95,5.8,5.88,43110,25232464.0,0.0,0,5.95,0
20181219,1545148800000,5.82,5.8500000000000005,5.7,5.78,34954,20153248.000000004,0.0,0,5.88,0
20181220,1545235200000,5.71,5.79,5.7,5.79,21422,12324213.0,0.0,0,5.78,0
20181221,1545321600000,5.7700000000000005,5.79,5.7,5.7700000000000005,23562,13539516.0,0.0,0,5.79,0
20181224,1545580800000,5.800000000000001,5.87,5.73,5.83,33209,19318030.0,0.0,0,5.7700000000000005,0
20181225,1545667200000,5.79,5.79,5.7,5.75,24912,14319556.0,0.0,0,5.83,0
20181226,1545753600000,5.75,5.79,5.67,5.71,21184,12138296.0,0.0,0,5.75,0
20181227,1545840000000,5.75,5.85,5.67,5.7299999999999995,48550,28011260.0,0.0,0,5.71,0
20181228,1545926400000,5.72,5.8,5.63,5.76,34935,20065025.0,0.0,0,5.7299999999999995,0
20190102,1546358400000,5.79,5.8,5.5,5.58,33961,19264761.0,0.0,0,5.76,0
20190103,1546444800000,5.580000000000001,5.630000000000001,5.3500000000000005,5.500000000000001,42509,23512330.000000004,0.0,0,5.580000000000001,0
20190104,1546531200000,5.4799999999999995,5.61,5.46,5.58,42991,23872552.0,0.0,0,5.5,0
20190107,1546790400000,5.64,5.67,5.58,5.64,34700,19559084.0,0.0,0,5.58,0
20190108,1546876800000,5.62,5.76,5.62,5.72,36805,20983321.0,0.0,0,5.64,0
20190109,1546963200000,5.73,5.78,5.69,5.7,40196,23077011.000000004,0.0,0,5.720000000000001,0
20190110,1547049600000,5.720000000000001,5.720000000000001,5.65,5.69,12025,6830699.0,0.0,0,5.7,0
20190111,1547136000000,5.69,5.74,5.62,5.71,18770,10673442.0,0.0,0,5.69,0
20190114,1547395200000,5.73,5.8,5.66,5.74,23681,13557290.0,0.0,0,5.71,0
20190115,1547481600000,5.74,5.7700000000000005,5.69,5.7700000000000005,21700,12444508.0,0.0,0,5.74,0
20190116,1547568000000,5.760000000000001,5.8500000000000005,5.69,5.840000000000001,36795,21388083.999999996,0.0,0,5.7700000000000005,0
20190117,1547654400000,5.840000000000001,5.840000000000001,5.73,5.7700000000000005,37256,21519893.0,0.0,0,5.840000000000001,0
20190118,1547740800000,5.7700000000000005,5.890000000000001,5.7700000000000005,5.87,40886,23860012.0,0.0,0,5.7700000000000005,0
20190121,1548000000000,5.86,5.930000000000001,5.82,5.88,26081,15359132.0,0.0,0,5.87,0
20190122,1548086400000,5.91,5.95,5.82,5.87,30641,18011002.0,0.0,0,5.88,0
20190123,1548172800000,5.87,5.890000000000001,5.8500000000000005,5.890000000000001,11284,6625512.0,0.0,0,5.87,0
20190124,1548259200000,5.88,5.91,5.84,5.85,22858,13434206.000000002,0.0,0,5.89,0
20190125,1548345600000,5.890000000000001,5.970000000000001,5.8500000000000005,5.930000000000001,37416,22122413.0,0.0,0,5.8500000000000005,0
20190128,1548604800000,5.95,5.96,5.82,5.8500000000000005,19977,11743655.0,0.0,0,5.930000000000001,0
20190129,1548691200000,5.79,5.86,5.67,5.74,26987,15481413.0,0.0,0,5.85,0
20190130,1548777600000,5.72,5.84,5.66,5.75,17168,9865687.0,0.0,0,5.74,0
20190131,1548864000000,5.79,5.91,5.71,5.82,42669,24785411.0,0.0,0,5.75,0
20190201,1548950400000,5.82,5.88,5.78,5.86,40806,23742964.0,0.0,0,5.82,0
20190211,1549814400000,5.840000000000001,5.890000000000001,5.8100000000000005,5.890000000000001,35713,20923647.0,0.0,0,5.86,0
20190212,1549900800000,5.890000000000001,5.94,5.86,5.930000000000001,34969,20657665.0,0.0,0,5.890000000000001,0
20190213,1549987200000,5.93,5.96,5.89,5.96,39622,23469663.0,0.0,0,5.93,0
20190214,1550073600000,5.96,6.14,5.92,6.08,66801,40251284.0,0.0,0,5.96,0
20190215,1550160000000,6.08,6.08,5.98,5.99,38517,23275952.0,0.0,0,6.08,0
20190218,1550419200000,5.989999999999999,6.16,5.97,6.069999999999999,48622,29451617.000000004,0.0,0,5.989999999999999,0
20190219,1550505600000,6.07,6.24,6.07,6.15,57998,35660842.0,0.0,0,6.07,0
20190220,1550592000000,6.15,6.180000000000001,6.0200000000000005,6.090000000000001,46358,28187164.0,0.0,0,6.15,0
20190221,1550678400000,6.09,6.12,6.01,6.029999999999999,41259,24980465.0,0.0,0,6.09,0
20190222,1550764800000,6.02,6.1,6.0,6.09,28146,17052482.0,0.0,0,6.03,0
20190225,1551024000000,6.08,6.32,6.08,6.3100000000000005,67184,41668437.0,0.0,0,6.09,0
20190226,1551110400000,6.3,6.41,6.2,6.26,65204,40977370.0,0.0,0,6.3100000000000005,0
20190227,1551196800000,6.25,6.43,6.21,6.28,51536,32611633.0,0.0,0,6.26,0
20190228,1551283200000,6.28,6.550000000000001,6.2700000000000005,6.510000000000001,83360,53716330.0,0.0,0,6.28,0
20190301,1551369600000,6.5200000000000005,6.53,6.36,6.45,53422,34248448.00000001,0.0,0,6.510000000000001,0
20190304,1551628800000,6.53,6.57,6.41,6.5200000000000005,70048,45488780.0,0.0,0,6.45,0
20190305,1551715200000,6.5200000000000005,6.54,6.41,6.54,81745,52851257.00000001,0.0,0,6.5200000000000005,0
20190306,1551801600000,6.54,6.64,6.46,6.61,82835,54131761.0,0.0,0,6.54,0
20190307,1551888000000,6.62,6.68,6.41,6.63,123993,81457024.00000001,0.0,0,6.61,0
20190308,1551974400000,6.5,7.29,6.5,7.2,312880,222995863.00000003,0.0,0,6.63,0
20190311,1552233600000,7.24,7.49,6.92,7.43,234194,169612954.0,0.0,0,7.2,0
20190312,1552320000000,7.279999999999999,7.4399999999999995,7.22,7.319999999999999,146039,106766284.0,0.0,0,7.43,0
20190313,1552406400000,7.3500000000000005,8.05,7.32,7.510000000000001,178476,136604216.0,0.0,0,7.32,0
20190314,1552492800000,7.4,7.450000000000001,6.890000000000001,7.000000000000001,119623,85232665.0,0.0,0,7.510000000000001,0
20190315,1552579200000,6.99,7.13,6.8,6.89,87878,61250300.0,0.0,0,7.0,0
20190318,1552838400000,6.9,7.0,6.75,6.95,119385,81649240.0,0.0,0,6.89,0
20190319,1552924800000,6.94,7.0200000000000005,6.87,6.91,105928,73332803.0,0.0,0,6.95,0
20190320,1553011200000,6.91,6.960000000000001,6.7700000000000005,6.86,64784,44340841.0,0.0,0,6.91,0
20190321,1553097600000,6.91,7.55,6.84,7.55,364596,271726556.0,0.0,0,6.859999999999999,0
20190322,1553184000000,7.390000000000001,7.5600000000000005,7.19,7.25,257986,189668771.0,0.0,0,7.550000000000001,0
20190325,1553443200000,7.26,7.73,7.25,7.53,258985,194133557.0,0.0,0,7.25,0
20190326,1553529600000,7.460000000000001,7.49,7.0600000000000005,7.23,181789,132452347.0,0.0,0,7.53,0
20190327,1553616000000,7.23,7.28,6.96,7.18,122597,87288038.0,0.0,0,7.23,0
20190328,1553702400000,7.2,7.48,7.0600000000000005,7.300000000000001,145936,106167506.00000001,0.0,0,7.180000000000001,0
20190329,1553788800000,7.28,7.49,7.19,7.470000000000001,154097,113541388.0,0.0,0,7.300000000000001,0
20190401,1554048000000,7.46,7.96,7.33,7.88,259039,198098996.0,0.0,0,7.47,0
20190402,1554134400000,7.88,7.88,7.57,7.640000000000001,200608,154822853.00000003,0.0,0,7.88,0
20190403,1554220800000,7.55,7.83,7.51,7.779999999999999,134797,103521864.0,0.0,0,7.64,0
20190404,1554307200000,7.7700000000000005,7.8500000000000005,7.61,7.79,118111,91083257.0,0.0,0,7.78,0
20190408,1554652800000,7.77,7.779999999999999,7.51,7.55,116983,89168872.0,0.0,0,7.79,0
20190409,1554739200000,7.57,7.78,7.5200000000000005,7.750000000000001,110741,84985391.00000001,0.0,0,7.550000000000001,0
20190410,1554825600000,7.720000000000001,7.890000000000001,7.640000000000001,7.78,106791,83023263.0,0.0,0,7.750000000000001,0
20190411,1554912000000,7.74,7.75,7.54,7.54,75528,57630585.0,0.0,0,7.78,0
20190412,1554998400000,7.5200000000000005,7.640000000000001,7.32,7.34,72745,53885290.00000001,0.0,0,7.54,0
20190415,1555257600000,7.42,7.4799999999999995,7.18,7.2299999999999995,63465,46575182.0,0.0,0,7.34,0
20190416,1555344000000,7.210000000000001,7.36,7.0600000000000005,7.300000000000001,55039,39580648.0,0.0,0,7.23,0
20190417,1555430400000,7.35,7.79,7.3,7.66,158394,120474629.0,0.0,0,7.3,0
20190418,1555516800000,7.69,7.83,7.62,7.74,119869,92595492.0,0.0,0,7.66,0
20190419,1555603200000,7.79,7.949999999999999,7.68,7.949999999999999,152748,119842875.0,0.0,0,7.739999999999999,0
20190422,1555862400000,8.75,8.75,8.71,8.75,139894,122403390.0,0.0,0,7.950000000000001,0
20190423,1555948800000,9.2,9.620000000000001,8.58,8.59,502025,460217237.0,0.0,0,8.75,0
20190424,1556035200000,8.4,9.000000000000002,8.370000000000001,8.750000000000002,383838,335197847.0,0.0,0,8.590000000000002,0
20190425,1556121600000,8.55,8.6,7.88,7.88,337267,275980518.0,0.0,0,8.75,0
20190426,1556208000000,7.8100000000000005,7.930000000000001,7.3100000000000005,7.3100000000000005,195904,148853119.0,0.0,0,7.880000000000001,0
20190429,1556467200000,7.34,7.35,6.58,6.6,280593,189993320.0,0.0,0,7.3100000000000005,0
20190430,1556553600000,6.55,6.84,6.55,6.7299999999999995,127254,85384952.0,0.0,0,6.6,0
20190506,1557072000000,6.88,7.4,6.71,6.95,304763,212132687.0,0.0,0,6.7299999999999995,0
20190507,1557158400000,7.109999999999999,7.6499999999999995,7.01,7.6499999999999995,444432,328998100.0,0.0,0,6.95,0
20190508,1557244800000,7.3500000000000005,8.23,7.2700000000000005,7.53,532710,415382882.0,0.0,0,7.65,0
20190509,1557331200000,7.15,7.29,6.78,6.8500000000000005,333612,233465827.0,0.0,0,7.53,0
20190510,1557417600000,6.95,7.260000000000001,6.8100000000000005,7.16,243456,171048156.0,0.0,0,6.8500000000000005,0
20190513,1557676800000,7.07,7.49,7.0200000000000005,7.430000000000001,231270,168254377.0,0.0,0,7.16,0
20190514,1557763200000,7.28,7.4,7.15,7.2,151306,109902745.0,0.0,0,7.430000000000001,0
20190515,1557849600000,7.3,7.87,7.22,7.779999999999999,306456,233026137.0,0.0,0,7.2,0
20190516,1557936000000,7.8500000000000005,8.02,7.7,7.88,285639,224887568.0,0.0,0,7.78,0
20190517,1558022400000,7.82,8.08,7.62,7.67,292021,227905721.0,0.0,0,7.88,0
20190520,1558281600000,7.58,7.68,7.0,7.38,192661,139896883.0,0.0,0,7.67,0
20190521,1558368000000,7.26,7.75,7.26,7.67,169544,128024494.0,0.0,0,7.38,0
20190522,1558454400000,7.6,7.6,7.25,7.29,147908,109390452.0,0.0,0,7.67,0
20190523,1558540800000,7.130000000000001,7.390000000000001,6.98,7.08,128663,92083052.00000001,0.0,0,7.210000000000001,0
20190524,1558627200000,7.08,7.220000000000001,6.95,7.05,79903,56432587.0,0.0,0,7.08,0
20190527,1558886400000,7.09,7.29,7.01,7.27,88598,63334361.00000001,0.0,0,7.05,0
20190528,1558972800000,7.66,8.0,7.46,7.81,433190,337797469.99999994,0.0,0,7.27,0
20190529,1559059200000,7.6,7.82,7.59,7.6499999999999995,241823,185661579.0,0.0,0,7.81,0
20190530,1559145600000,7.62,8.08,7.62,7.87,309370,243695328.00000003,0.0,0,7.65,0
20190531,1559232000000,7.859999999999999,8.379999999999999,7.72,8.16,322788,260454523.00000003,0.0,0,7.87,0
20190603,1559491200000,8.05,8.15,7.67,7.77,230580,181072506.00000003,0.0,0,8.16,0
20190604,1559577600000,7.68,7.75,7.13,7.29,191287,142790840.00000003,0.0,0,7.77,0
20190605,1559664000000,7.44,7.68,7.25,7.59,170243,127274796.0,0.0,0,7.29,0
20190606,1559750400000,7.5,7.57,7.13,7.22,134940,98352095.0,0.0,0,7.59,0
20190610,1560096000000,7.260000000000001,7.4,7.23,7.300000000000001,85640,62665242.99999999,0.0,0,7.220000000000001,0
20190611,1560182400000,7.36,7.98,7.36,7.86,232049,178917207.00000003,0.0,0,7.300000000000001,0
20190612,1560268800000,7.6499999999999995,7.86,7.63,7.79,197805,153102995.99999997,0.0,0,7.86,0
20190613,1560355200000,7.800000000000001,7.87,7.57,7.720000000000001,150577,115792424.0,0.0,0,7.79,0
20190614,1560441600000,7.79,7.8,7.17,7.28,177250,131665144.0,0.0,0,7.72,0
20190617,1560700800000,7.2,7.34,7.17,7.22,74245,53681972.00000001,0.0,0,7.28,0
20190618,1560787200000,7.24,7.29,7.12,7.18,58612,42086518.0,0.0,0,7.22,0
20190619,1560873600000,7.33,7.38,7.18,7.21,84068,61177335.0,0.0,0,7.18,0
20190620,1560960000000,7.16,7.3500000000000005,7.03,7.34,108750,78475800.0,0.0,0,7.21,0
20190621,1561046400000,7.380000000000001,7.53,7.3100000000000005,7.380000000000001,98164,72704647.0,0.0,0,7.340000000000001,0
20190624,1561305600000,7.340000000000001,7.37,7.19,7.2,67193,48667331.00000001,0.0,0,7.380000000000001,0
20190625,1561392000000,7.25,7.25,7.09,7.12,62445,44612999.00000001,0.0,0,7.2,0
20190626,1561478400000,7.09,7.2,7.09,7.16,35191,25098476.000000004,0.0,0,7.12,0
20190627,1561564800000,7.170000000000001,7.250000000000001,7.140000000000001,7.180000000000001,48569,34924803.0,0.0,0,7.16,0
20190628,1561651200000,7.2700000000000005,7.2700000000000005,7.08,7.12,39144,27944663.0,0.0,0,7.18,0
20190701,1561910400000,7.2299999999999995,7.31,7.18,7.31,71314,51785630.0,0.0,0,7.12,0
20190702,1561996800000,7.33,7.37,7.25,7.29,42852,31279016.0,0.0,0,7.31,0
20190703,1562083200000,7.28,7.47,7.16,7.32,101478,74643922.0,0.0,0,7.29,0
20190704,1562169600000,7.29,7.3,7.13,7.16,69454,49944098.0,0.0,0,7.32,0
20190705,1562256000000,7.18,7.23,7.16,7.19,31017,22325027.0,0.0,0,7.16,0
20190708,1562515200000,7.2,7.22,7.04,7.07,67986,48344008.0,0.0,0,7.19,0
20190709,1562601600000,7.07,7.11,7.03,7.08,28363,20052567.0,0.0,0,7.07,0
20190710,1562688000000,7.08,7.11,6.82,6.9,54871,38208957.0,0.0,0,7.08,0
20190711,1562774400000,6.95,6.96,6.7,6.71,60840,41333357.99999999,0.0,0,6.9,0
20190712,1562860800000,6.75,6.84,6.68,6.81,33885,22917519.0,0.0,0,6.71,0
20190715,1563120000000,6.890000000000001,7.300000000000001,6.8500000000000005,7.2,135267,96328238.00000001,0.0,0,6.8100000000000005,0
20190716,1563206400000,7.260000000000001,7.2700000000000005,7.11,7.220000000000001,67809,48915349.00000001,0.0,0,7.2,0
20190717,1563292800000,7.22,7.36,7.21,7.22,61275,44448597.0,0.0,0,7.22,0
20190718,1563379200000,7.220000000000001,7.23,7.15,7.15,32269,23184138.0,0.0,0,7.220000000000001,0
20190719,1563465600000,7.21,7.24,7.13,7.17,45435,32643283.0,0.0,0,7.1499999999999995,0
20190722,1563724800000,7.17,7.21,7.07,7.140000000000001,30491,21708690.000000004,0.0,0,7.17,0
20190723,1563811200000,7.08,7.15,7.03,7.12,38376,27216796.0,0.0,0,7.140000000000001,0
20190724,1563897600000,7.15,7.24,7.1000000000000005,7.12,40936,29323999.000000004,0.0,0,7.12,0
20190725,1563984000000,7.11,7.17,7.07,7.13,52708,37497008.0,0.0,0,7.12,0
20190726,1564070400000,7.13,7.13,6.92,6.97,51831,36316293.0,0.0,0,7.13,0
20190729,1564329600000,7.03,7.03,6.87,6.95,37761,26198093.0,0.0,0,6.97,0
20190730,1564416000000,6.94,7.000000000000001,6.890000000000001,6.95,43144,30069648.0,0.0,0,6.95,0
20190731,1564502400000,7.0,7.0,6.84,6.84,23212,15989159.0,0.0,0,6.95,0
20190801,1564588800000,6.8,7.01,6.8,6.96,42688,29471553.0,0.0,0,6.84,0
20190802,1564675200000,6.890000000000001,6.99,6.82,6.930000000000001,30553,20991083.0,0.0,0,6.96,0
20190805,1564934400000,6.93,6.95,6.71,6.75,49649,33930022.0,0.0,0,6.93,0
20190806,1565020800000,6.7,6.7,6.51,6.56,63195,41697363.00000001,0.0,0,6.75,0
20190807,1565107200000,6.640000000000001,6.640000000000001,6.45,6.45,31435,20553188.0,0.0,0,6.5600000000000005,0
20190808,1565193600000,6.49,6.57,6.45,6.5,44099,28781786.0,0.0,15,6.45,0
20190809,1565280000000,6.53,6.62,6.45,6.51,41332,27043799.999999996,0.0,15,6.5,0
20190812,1565539200000,6.5,6.720000000000001,6.49,6.720000000000001,49073,32606835.000000004,0.0,15,6.51,0
20190813,1565625600000,6.7,6.88,6.63,6.81,53371,36208444.0,0.0,15,6.72,0
20190814,1565712000000,6.8999999999999995,7.02,6.8,6.9799999999999995,73460,51118550.0,0.0,15,6.81,0
20190815,1565798400000,6.94,6.96,6.79,6.92,69307,47693576.00000001,0.0,15,6.98,0
20190816,1565884800000,6.9399999999999995,7.03,6.88,6.88,62593,43482092.0,0.0,15,6.92,0
20190819,1566144000000,6.9399999999999995,7.12,6.92,7.09,87469,61668094.0,0.0,15,6.88,0
20190820,1566230400000,7.14,7.22,7.08,7.17,100417,71946132.00000001,0.0,15,7.09,0
20190821,1566316800000,7.2,7.28,7.1000000000000005,7.16,50305,36101536.0,0.0,15,7.170000000000001,0
20190822,1566403200000,7.14,7.22,7.09,7.16,39871,28482771.000000004,0.0,15,7.16,0
20190823,1566489600000,7.18,7.25,7.05,7.18,66325,47407263.0,0.0,15,7.16,0
20190826,1566748800000,7.07,7.07,6.95,7.01,67159,47113896.0,0.0,15,7.180000000000001,0
20190827,1566835200000,7.03,7.21,7.03,7.16,65000,46435732.0,0.0,15,7.010000000000001,0
20190828,1566921600000,7.16,7.180000000000001,7.1000000000000005,7.1000000000000005,27872,19867523.0,0.0,15,7.16,0
20190829,1567008000000,7.1,7.18,7.05,7.06,44284,31502396.000000004,0.0,15,7.1,0
20190830,1567094400000,7.11,7.15,6.96,6.9799999999999995,53496,37676945.0,0.0,15,7.06,0
20190902,1567353600000,7.01,7.069999999999999,6.93,7.05,41882,29431644.0,0.0,15,6.9799999999999995,0
20190903,1567440000000,7.010000000000001,7.08,6.98,7.03,41130,28852430.0,0.0,15,7.050000000000001,0
20190904,1567526400000,7.03,7.470000000000001,7.0200000000000005,7.19,199277,144591944.0,0.0,15,7.03,0
20190905,1567612800000,7.2,7.29,7.16,7.24,101948,73516991.0,0.0,15,7.19,0
20190906,1567699200000,7.220000000000001,7.220000000000001,7.11,7.17,76314,54539185.0,0.0,15,7.24,0
20190909,1567958400000,7.19,7.23,7.11,7.19,81950,58671265.0,0.0,15,7.17,0
20190910,1568044800000,7.19,7.32,7.15,7.28,128581,93136659.99999999,0.0,15,7.19,0
20190911,1568131200000,7.29,7.32,7.16,7.2,73893,53275072.00000001,0.0,15,7.28,0
20190912,1568217600000,7.13,7.17,7.07,7.12,77700,55246433.0,0.0,15,7.2,0
20190916,1568563200000,7.13,7.14,7.05,7.06,47654,33799252.0,0.0,15,7.12,0
20190917,1568649600000,7.07,7.07,6.8500000000000005,6.930000000000001,61818,42982514.00000001,0.0,15,7.0600000000000005,0
20190918,1568736000000,6.930000000000001,6.94,6.8500000000000005,6.86,31498,21696110.000000004,0.0,15,6.930000000000001,0
20190919,1568822400000,6.9,6.91,6.83,6.9,38327,26328789.0,0.0,15,6.86,0
20190920,1568908800000,6.9,6.91,6.7700000000000005,6.79,43660,29829472.000000004,0.0,15,6.9,0
20190923,1569168000000,6.78,6.8,6.67,6.74,29048,19566877.0,0.0,15,6.79,0
20190924,1569254400000,6.78,6.92,6.71,6.81,31117,21201672.0,0.0,15,6.74,0
20190925,1569340800000,6.81,6.83,6.75,6.76,21513,14563792.0,0.0,15,6.81,0
20190926,1569427200000,6.77,6.84,6.67,6.71,32593,22029205.0,0.0,15,6.76,0
20190927,1569513600000,6.75,6.88,6.72,6.81,39942,27224965.0,0.0,15,6.71,0
20190930,1569772800000,6.87,6.92,6.75,6.76,21646,14785498.0,0.0,15,6.81,0
20191008,1570464000000,6.82,6.9,6.73,6.890000000000001,32229,22083230.0,0.0,15,6.760000000000001,0
20191009,1570550400000,6.89,7.04,6.84,6.99,61194,42774032.0,0.0,15,6.89,0
20191010,1570636800000,6.9799999999999995,7.06,6.96,6.9799999999999995,36325,25416915.0,0.0,15,6.99,0
20191011,1570723200000,6.99,7.0,6.91,6.95,24793,17226683.0,0.0,15,6.98,0
20191014,1570982400000,6.96,7.0200000000000005,6.94,6.98,45033,31466816.0,0.0,15,6.95,0
20191015,1571068800000,6.96,6.99,6.88,6.8999999999999995,27520,19087478.0,0.0,15,6.9799999999999995,0
20191016,1571155200000,6.890000000000001,6.960000000000001,6.8500000000000005,6.86,29815,20598685.000000004,0.0,15,6.9,0
20191017,1571241600000,6.87,6.95,6.8,6.81,34182,23505472.0,0.0,15,6.859999999999999,0
20191018,1571328000000,6.779999999999999,6.88,6.68,6.81,30975,20915364.0,0.0,15,6.81,0
20191021,1571587200000,6.7700000000000005,6.8500000000000005,6.69,6.75,30696,20712620.999999996,0.0,15,6.8100000000000005,0
20191022,1571673600000,6.84,7.1,6.71,6.99,60778,41613567.0,0.0,15,6.75,0
20191023,1571760000000,6.930000000000001,6.970000000000001,6.7700000000000005,6.78,48840,33478134.0,0.0,15,6.99,0
20191024,1571846400000,6.75,6.880000000000001,6.73,6.83,20080,13673393.0,0.0,15,6.78,0
20191025,1571932800000,6.779999999999999,6.89,6.76,6.87,24115,16492749.0,0.0,15,6.83,0
20191028,1572192000000,6.84,6.92,6.82,6.91,30241,20802189.000000004,0.0,15,6.87,0
20191029,1572278400000,6.880000000000001,6.920000000000001,6.8500000000000005,6.86,35635,24528196.000000004,0.0,15,6.91,0
20191030,1572364800000,6.87,6.890000000000001,6.78,6.8100000000000005,23706,16197622.000000002,0.0,15,6.86,0
20191031,1572451200000,6.840000000000001,6.840000000000001,6.69,6.7700000000000005,30327,20487621.999999996,0.0,15,6.8100000000000005,0
20191101,1572537600000,6.8,6.8,6.7,6.76,21475,14462998.0,0.0,15,6.7700000000000005,0
20191104,1572796800000,6.77,6.83,6.72,6.76,25338,17166998.999999996,0.0,15,6.76,0
20191105,1572883200000,6.79,6.79,6.68,6.71,27233,18295490.0,0.0,15,6.76,0
20191106,1572969600000,6.74,6.74,6.67,6.68,16470,11027483.000000002,0.0,15,6.71,0
20191107,1573056000000,6.69,6.71,6.66,6.7,9336,6244814.0,0.0,15,6.68,0
20191108,1573142400000,6.7299999999999995,6.7299999999999995,6.67,6.68,12811,8582873.0,0.0,15,6.7,0
20191111,1573401600000,6.630000000000001,6.66,6.5600000000000005,6.62,23749,15675857.000000002,0.0,15,6.680000000000001,0
20191112,1573488000000,6.6,6.62,6.51,6.55,17378,11383967.0,0.0,15,6.62,0
20191113,1573574400000,6.55,6.71,6.55,6.6,20832,13848749.999999998,0.0,15,6.55,0
20191114,1573660800000,6.6000000000000005,6.65,6.53,6.6000000000000005,16628,10969976.0,0.0,15,6.6000000000000005,0
20191115,1573747200000,6.58,6.630000000000001,6.5600000000000005,6.5600000000000005,14362,9446954.0,0.0,15,6.6000000000000005,0
20191118,1574006400000,6.56,6.6499999999999995,6.51,6.6,24555,16188752.000000002,0.0,15,6.56,0
20191119,1574092800000,6.630000000000001,6.760000000000001,6.6000000000000005,6.73,64141,42972182.0,0.0,15,6.6000000000000005,0
20191120,1574179200000,6.739999999999999,6.76,6.68,6.7299999999999995,23105,15518709.0,0.0,15,6.7299999999999995,0
20191121,1574265600000,6.84,6.88,6.75,6.76,60873,41431248.0,0.0,15,6.73,0
20191122,1574352000000,6.76,6.79,6.66,6.7,29409,19749702.000000004,0.0,15,6.76,0
20191125,1574611200000,6.69,6.7,6.5600000000000005,6.69,30082,19858435.0,0.0,15,6.7,0
20191126,1574697600000,6.68,6.68,6.55,6.58,12218,8062575.000000001,0.0,15,6.6899999999999995,0
20191127,1574784000000,6.58,6.61,6.53,6.6000000000000005,8733,5730863.0,0.0,15,6.58,0
20191128,1574870400000,6.590000000000001,6.630000000000001,6.5600000000000005,6.590000000000001,36227,23879051.999999996,0.0,15,6.6000000000000005,0
20191129,1574956800000,6.61,6.65,6.58,6.64,33771,22322864.999999996,0.0,15,6.59,0
20191202,1575216000000,6.63,6.680000000000001,6.57,6.6000000000000005,54375,35965436.0,0.0,15,6.640000000000001,0
20191203,1575302400000,6.61,6.62,6.5600000000000005,6.61,51250,33763898.0,0.0,15,6.6000000000000005,0
20191204,1575388800000,6.58,6.62,6.57,6.61,35777,23599467.999999996,0.0,15,6.61,0
20191205,1575475200000,6.640000000000001,6.67,6.61,6.67,49588,32926689.0,0.0,15,6.61,0
20191206,1575561600000,6.6499999999999995,6.77,6.63,6.76,56676,38028422.0,0.0,15,6.67,0
20191209,1575820800000,6.800000000000001,6.99,6.7700000000000005,6.930000000000001,77668,53527196.0,0.0,15,6.760000000000001,0
20191210,1575907200000,6.91,6.99,6.86,6.96,64229,44594001.99999999,0.0,15,6.930000000000001,0
20191211,1575993600000,6.96,7.11,6.96,7.07,70004,49421732.99999999,0.0,15,6.96,0
20191212,1576080000000,7.1,7.1499999999999995,7.05,7.08,61555,43723396.00000001,0.0,15,7.069999999999999,0
20191213,1576166400000,7.12,7.21,7.09,7.18,64539,46291871.0,0.0,15,7.08,0
20191216,1576425600000,7.23,7.44,7.23,7.36,106296,78194574.0,0.0,15,7.180000000000001,0
20191217,1576512000000,7.38,7.49,7.34,7.45,111493,82801374.00000001,0.0,15,7.359999999999999,0
20191218,1576598400000,7.470000000000001,7.54,7.4,7.42,93297,69656548.0,0.0,15,7.45,0
20191219,1576684800000,7.430000000000001,7.470000000000001,7.390000000000001,7.470000000000001,93763,69705540.0,0.0,15,7.420000000000001,0
20191220,1576771200000,7.47,7.55,7.43,7.4799999999999995,56026,41991753.0,0.0,15,7.47,0
20191223,1577030400000,7.4799999999999995,7.5,7.3,7.35,73689,54473889.0,0.0,15,7.4799999999999995,0
20191224,1577116800000,7.36,7.41,7.32,7.38,46963,34579874.0,0.0,15,7.3500000000000005,0
20191225,1577203200000,7.3999999999999995,7.47,7.38,7.4399999999999995,42837,31808694.0,0.0,15,7.38,0
20191226,1577289600000,7.43,7.54,7.43,7.4799999999999995,54116,40473662.99999999,0.0,15,7.4399999999999995,0
20191227,1577376000000,7.52,7.52,7.42,7.45,45189,33782993.0,0.0,15,7.4799999999999995,0
20191230,1577635200000,7.43,7.52,7.34,7.46,47711,35540516.0,0.0,15,7.45,0
20191231,1577721600000,7.48,7.5,7.4,7.48,26922,20045474.0,0.0,15,7.46,0
20200102,1577894400000,7.5,7.51,7.45,7.48,40219,30083272.0,0.0,15,7.48,0
20200103,1577980800000,7.48,7.49,7.37,7.42,41458,30766066.999999996,0.0,15,7.48,0
20200106,1578240000000,7.41,7.5,7.36,7.41,73609,54805047.0,0.0,15,7.42,0
20200107,1578326400000,7.470000000000001,8.0,7.4,7.66,153169,116040670.0,0.0,15,7.41,0
20200108,1578412800000,7.61,7.61,7.44,7.44,67033,50170465.0,0.0,15,7.66,0
20200109,1578499200000,7.49,7.54,7.41,7.48,53126,39743966.0,0.0,15,7.44,0
20200110,1578585600000,7.49,7.6000000000000005,7.45,7.51,43288,32494414.0,0.0,15,7.48,0
20200113,1578844800000,7.51,7.52,7.42,7.52,36181,27039350.0,0.0,15,7.51,0
20200114,1578931200000,7.51,7.55,7.46,7.4799999999999995,41663,31277393.0,0.0,15,7.52,0
20200115,1579017600000,7.48,7.48,7.3100000000000005,7.430000000000001,52551,38827321.0,0.0,15,7.48,0
20200116,1579104000000,7.46,7.680000000000001,7.45,7.65,104868,79600881.0,0.0,15,7.430000000000001,0
20200117,1579190400000,7.630000000000001,7.95,7.6000000000000005,7.86,124511,97373735.00000001,0.0,15,7.65,0
20200120,1579449600000,7.859999999999999,7.9799999999999995,7.68,7.739999999999999,65623,51013405.0,0.0,15,7.859999999999999,0
20200121,1579536000000,7.72,7.76,7.59,7.609999999999999,39401,30075999.0,0.0,15,7.74,0
20200122,1579622400000,7.6,7.66,7.51,7.569999999999999,45231,34209096.0,0.0,15,7.609999999999999,0
20200123,1579708800000,7.66,7.66,7.42,7.45,53301,40036159.0,0.0,15,7.57,0
20200203,1580659200000,6.81,6.87,6.71,6.71,59281,39934450.00000001,0.0,15,7.45,0
20200204,1580745600000,6.72,6.99,6.72,6.93,52240,35931857.0,0.0,15,6.71,0
20200205,1580832000000,6.930000000000001,7.090000000000001,6.8500000000000005,7.0600000000000005,63382,44263784.0,0.0,15,6.930000000000001,0
20200206,1580918400000,7.0600000000000005,7.180000000000001,6.95,7.140000000000001,78238,55302689.0,0.0,15,7.0600000000000005,0
20200207,1581004800000,7.12,7.25,7.03,7.24,60750,43525870.0,0.0,15,7.140000000000001,0
20200210,1581264000000,7.25,7.47,7.16,7.38,53774,39375057.0,0.0,15,7.24,0
20200211,1581350400000,7.38,7.43,7.3,7.39,49123,36168391.0,0.0,15,7.38,0
20200212,1581436800000,7.380000000000001,7.550000000000001,7.3500000000000005,7.41,56375,42007686.0,0.0,15,7.390000000000001,0
20200213,1581523200000,7.42,7.5,7.3,7.31,74071,54483026.00000001,0.0,15,7.41,0
20200214,1581609600000,7.3100000000000005,7.340000000000001,7.23,7.300000000000001,33389,24358694.0,0.0,15,7.3100000000000005,0
20200217,1581868800000,7.25,7.54,7.25,7.49,84504,62799377.99999999,0.0,15,7.3,0
20200218,1581955200000,7.46,7.58,7.44,7.510000000000001,41509,31107688.0,0.0,15,7.49,0
20200219,1582041600000,7.4799999999999995,7.57,7.38,7.43,54917,40921550.0,0.0,15,7.51,0
20200220,1582128000000,7.47,7.54,7.41,7.53,39795,29799130.0,0.0,15,7.43,0
20200221,1582214400000,7.5,7.56,7.43,7.5,41115,30858182.000000004,0.0,15,7.529999999999999,0
20200224,1582473600000,7.470000000000001,7.61,7.4,7.6000000000000005,83487,62716897.0,0.0,15,7.5,0
20200225,1582560000000,7.5200000000000005,7.840000000000001,7.44,7.69,116213,88702461.0,0.0,15,7.6000000000000005,0
20200226,1582646400000,7.63,7.97,7.62,7.87,113775,89165812.0,0.0,15,7.69,0
20200227,1582732800000,7.9,7.970000000000001,7.7700000000000005,7.91,69259,54497091.0,0.0,15,7.87,0
20200228,1582819200000,7.86,8.18,7.7700000000000005,7.94,119528,94838320.0,0.0,15,7.91,0
20200302,1583078400000,8.15,8.35,7.98,8.08,160416,129861879.0,0.0,15,7.94,0
20200303,1583164800000,8.049999999999999,8.299999999999999,8.01,8.049999999999999,167147,136215930.0,0.0,15,8.08,0
20200304,1583251200000,7.91,8.0,7.7,7.9,117554,92279490.0,0.0,15,8.05,0
20200305,1583337600000,7.94,8.280000000000001,7.82,8.280000000000001,262981,211557956.0,0.0,15,7.9,0
20200306,1583424000000,8.129999999999999,8.49,8.11,8.17,175341,144546748.0,0.0,15,8.28,0
20200309,1583683200000,8.02,8.290000000000001,7.99,8.17,133051,108243852.0,0.0,15,8.17,0
20200310,1583769600000,8.09,8.53,8.09,8.49,171742,143465009.00000003,0.0,15,8.17,0
20200311,1583856000000,8.44,8.85,8.4,8.72,145512,126071567.00000001,0.0,15,8.49,0
20200312,1583942400000,8.66,9.540000000000001,8.66,9.25,197528,179991152.0,0.0,15,8.72,0
20200313,1584028800000,8.799999999999999,9.27,8.6,9.219999999999999,172184,154513523.0,0.0,15,9.25,0
20200316,1584288000000,9.219999999999999,9.45,8.93,8.98,130458,119580198.0,0.0,15,9.219999999999999,0
20200317,1584374400000,9.110000000000001,9.440000000000001,8.98,9.27,127477,117345453.99999999,0.0,15,8.98,0
20200318,1584460800000,9.28,9.92,9.25,9.55,182959,174325176.00000003,0.0,15,9.27,0
20200319,1584547200000,9.520000000000001,9.75,9.06,9.3,176033,164526947.0,0.0,15,9.55,0
20200320,1584633600000,9.209999999999999,9.51,9.17,9.49,100354,93803037.00000001,0.0,15,9.3,0
20200323,1584892800000,9.3,9.45,9.17,9.209999999999999,87786,81575564.0,0.0,15,9.49,0
20200324,1584979200000,9.28,9.4,8.67,9.15,145726,131782897.0,0.0,15,9.21,0
20200325,1585065600000,9.27,9.540000000000001,9.07,9.34,115112,107650409.00000001,0.0,15,9.15,0
20200326,1585152000000,9.47,9.47,9.0,9.05,96419,88641325.00000001,0.0,15,9.34,0
20200327,1585238400000,9.11,9.139999999999999,8.77,9.04,102205,91659895.00000001,0.0,15,9.049999999999999,0
20200330,1585497600000,8.850000000000001,8.99,8.71,8.75,69058,61037041.00000001,0.0,15,9.040000000000001,0
20200331,1585584000000,8.84,8.85,8.5,8.76,87085,75568698.00000001,0.0,15,8.75,0
20200401,1585670400000,8.7,8.799999999999999,8.53,8.68,74425,64471034.0,0.0,15,8.76,0
20200402,1585756800000,8.620000000000001,8.82,8.4,8.76,64464,55267879.0,0.0,15,8.68,0
20200403,1585843200000,8.780000000000001,9.280000000000001,8.71,9.090000000000002,100261,90881998.0,0.0,15,8.760000000000002,0
20200407,1586188800000,9.22,9.37,9.09,9.26,79539,73306479.0,0.0,15,9.09,0
20200408,1586275200000,9.26,9.3,9.06,9.06,64247,58638786.00000001,0.0,15,9.26,0
20200409,1586361600000,9.14,9.350000000000001,9.040000000000001,9.31,85079,78439515.0,0.0,15,9.06,0
20200410,1586448000000,9.350000000000001,9.370000000000001,9.05,9.100000000000001,66009,60604244.00000001,0.0,15,9.31,0
20200413,1586707200000,9.3,9.53,9.08,9.52,138063,129223702.00000001,0.0,15,9.1,0
20200414,1586793600000,9.56,9.93,9.41,9.790000000000001,158101,153804248.0,0.0,15,9.52,0
20200415,1586880000000,9.8,9.940000000000001,9.450000000000001,9.450000000000001,113077,109617120.0,0.0,15,9.790000000000001,0
20200416,1586966400000,9.520000000000001,9.59,9.3,9.370000000000001,63496,59695595.00000001,0.0,15,9.450000000000001,0
20200417,1587052800000,9.43,9.45,9.25,9.31,57982,54186426.0,0.0,15,9.37,0
20200420,1587312000000,9.31,9.549999999999999,9.18,9.51,71422,66947614.0,0.0,15,9.31,0
20200421,1587398400000,9.4,9.700000000000001,9.370000000000001,9.56,79947,76472202.0,0.0,15,9.510000000000002,0
20200422,1587484800000,9.61,10.0,9.5,10.0,143172,140682013.00000003,0.0,15,9.56,0
20200423,1587571200000,10.040000000000001,10.190000000000001,9.89,9.96,104034,104560069.99999999,0.0,15,10.0,0
20200424,1587657600000,10.13,10.200000000000001,9.8,9.99,75934,75885692.00000001,0.0,15,9.96,0
20200427,1587916800000,10.0,10.25,9.85,10.0,70181,70629411.0,0.0,15,9.99,0
20200428,1588003200000,10.07,10.3,9.700000000000001,10.250000000000002,99796,101135136.00000001,0.0,15,10.000000000000002,0
20200429,1588089600000,10.190000000000001,10.290000000000001,9.870000000000001,9.930000000000001,99308,99889493.00000001,0.0,15,10.250000000000002,0
20200430,1588176000000,9.950000000000001,10.08,9.790000000000001,9.99,70012,69622699.0,0.0,15,9.930000000000001,0
20200506,1588694400000,9.99,10.129999999999999,9.85,9.99,78724,78667466.0,0.0,15,9.99,0
20200507,1588780800000,9.99,10.340000000000002,9.950000000000001,10.32,140727,143462823.0,0.0,15,9.99,0
20200508,1588867200000,10.32,10.620000000000001,10.15,10.5,140577,146454958.0,0.0,15,10.32,0
20200511,1589126400000,10.51,10.719999999999999,10.35,10.4,79219,83356990.0,0.0,15,10.5,0
20200512,1589212800000,10.43,10.66,10.36,10.66,84280,88439013.0,0.0,15,10.399999999999999,0
20200513,1589299200000,10.63,11.33,10.56,11.18,156060,171877846.00000003,0.0,15,10.66,0
20200514,1589385600000,11.19,11.35,11.08,11.14,106604,119401278.0,0.0,15,11.18,0
20200515,1589472000000,11.24,11.430000000000001,11.120000000000001,11.22,89043,99863544.00000001,0.0,15,11.14,0
20200518,1589731200000,11.340000000000002,11.63,11.200000000000001,11.4,119252,136317424.0,0.0,15,11.22,0
20200519,1589817600000,11.370000000000001,11.75,11.32,11.61,110361,127826908.00000001,0.0,15,11.4,0
20200520,1589904000000,11.68,11.700000000000001,10.97,11.07,174337,196061674.00000003,0.0,15,11.610000000000001,0
20200521,1589990400000,11.11,11.15,10.59,10.59,139768,151767420.0,0.0,15,11.02,0
20200522,1590076800000,10.66,10.709999999999999,10.18,10.29,121408,126698704.99999999,0.0,15,10.59,0
20200525,1590336000000,10.25,10.65,10.17,10.52,101465,106189081.99999999,0.0,15,10.29,0
20200526,1590422400000,10.56,10.7,10.43,10.629999999999999,98764,104200949.0,0.0,15,10.52,0
20200527,1590508800000,10.600000000000001,10.74,10.39,10.63,87410,92451465.0,0.0,15,10.63,0
20200528,1590595200000,10.61,10.67,10.28,10.389999999999999,76189,79527539.0,0.0,15,10.629999999999999,0
20200529,1590681600000,10.33,11.11,10.33,11.02,127216,137002712.0,0.0,15,10.39,0
20200601,1590940800000,11.049999999999999,11.34,11.02,11.26,102092,114582903.0,0.0,15,11.02,0
20200602,1591027200000,11.32,11.4,11.0,11.06,105463,117450340.00000001,0.0,15,11.26,0
20200603,1591113600000,11.110000000000001,11.180000000000001,10.950000000000001,10.98,63103,69677982.0,0.0,15,11.06,0
20200604,1591200000000,10.98,11.2,10.91,10.99,56399,62420514.00000001,0.0,15,10.98,0
20200605,1591286400000,10.95,11.139999999999999,10.86,11.139999999999999,56516,62208982.0,0.0,15,10.99,0
20200608,1591545600000,11.270000000000001,11.850000000000001,11.14,11.42,137075,157652168.0,0.0,15,11.14,0
20200609,1591632000000,11.46,12.25,11.3,12.14,202415,241108347.0,0.0,15,11.42,0
20200610,1591718400000,12.1,12.450000000000001,12.06,12.3,115188,141364657.0,0.0,15,12.14,0
20200611,1591804800000,12.26,12.5,12.18,12.299999999999999,91003,112214285.0,0.0,15,12.299999999999999,0
20200612,1591891200000,12.11,12.48,12.01,12.2,92132,112688466.0,0.0,15,12.299999999999999,0
20200615,1592150400000,12.39,12.5,11.96,12.010000000000002,105569,128565156.00000001,0.0,15,12.200000000000001,0
20200616,1592236800000,12.190000000000001,12.21,11.950000000000001,12.05,73756,88796757.00000001,0.0,15,12.010000000000002,0
20200617,1592323200000,11.91,12.11,11.74,11.790000000000001,116194,138230239.0,0.0,15,12.05,0
20200618,1592409600000,11.9,12.020000000000001,11.55,11.71,93322,110042494.00000001,0.0,15,11.790000000000001,0
20200619,1592496000000,11.77,12.299999999999999,11.68,12.08,93008,112091364.0,0.0,15,11.709999999999999,0
20200622,1592755200000,12.2,12.27,12.01,12.09,63317,76624220.0,0.0,15,12.08,0
20200623,1592841600000,12.08,12.190000000000001,11.81,12.15,69622,83694586.0,0.0,15,12.09,0
20200624,1592928000000,12.21,12.3,11.83,11.9,62684,75209320.00000001,0.0,15,12.15,0
20200629,1593360000000,11.88,12.09,11.74,12.01,77377,92115524.0,0.0,15,11.9,0
20200630,1593446400000,11.99,12.229999999999999,11.94,12.139999999999999,77862,94315838.0,0.0,15,12.01,0
20200701,1593532800000,12.23,12.26,11.65,11.71,94359,112381603.0,0.0,15,12.14,0
20200702,1593619200000,11.670000000000002,11.840000000000002,11.46,11.510000000000002,132630,154150918.99999997,0.0,15,11.71,0
20200703,1593705600000,11.59,11.620000000000001,10.97,11.07,209087,232565713.0,0.0,15,11.510000000000002,0
20200706,1593964800000,11.07,11.44,11.0,11.4,165327,186160584.0,0.0,15,11.07,0
20200707,1594051200000,11.38,11.850000000000001,11.3,11.74,150997,175259548.0,0.0,15,11.4,0
20200708,1594137600000,11.72,12.21,11.65,12.18,170975,204551907.0,0.0,15,11.74,0
20200709,1594224000000,12.64,13.4,12.23,13.21,304309,390828507.0,0.0,15,12.18,0
20200710,1594310400000,13.21,13.46,12.73,12.780000000000001,174349,229309858.0,0.0,15,13.21,0
20200713,1594569600000,13.0,13.35,12.76,13.23,142186,186202332.0,0.0,15,12.78,0
20200714,1594656000000,13.350000000000001,13.670000000000002,12.950000000000001,13.280000000000001,164975,220283013.0,0.0,15,13.23,0
20200715,1594742400000,13.4,14.32,13.290000000000001,13.840000000000002,191105,262366560.0,0.0,15,13.280000000000001,0
20200716,1594828800000,13.96,14.15,12.91,13.01,184116,246764105.0,0.0,15,13.84,0
20200717,1594915200000,13.02,13.530000000000001,12.82,13.31,131438,174179322.0,0.0,15,13.01,0
20200720,1595174400000,13.35,14.48,13.23,14.38,173978,240996931.0,0.0,15,13.31,0
20200721,1595260800000,14.15,14.86,13.91,14.55,134304,191808714.0,0.0,15,14.38,0
20200722,1595347200000,14.5,14.77,14.32,14.41,95861,138841662.0,0.0,15,14.55,0
20200723,1595433600000,14.26,15.85,14.26,15.85,272441,415962491.99999994,0.0,15,14.41,0
20200724,1595520000000,15.809999999999999,16.349999999999998,14.61,14.84,249150,384682326.0,0.0,15,15.85,0
20200727,1595779200000,15.15,15.84,14.75,14.94,157234,239113539.00000003,0.0,15,14.84,0
20200728,1595865600000,15.1,15.3,14.41,15.25,145202,216476296.0,0.0,15,14.94,0
20200729,1595952000000,15.16,15.870000000000001,14.65,15.72,175205,269254498.0,0.0,15,15.25,0
20200730,1596038400000,16.5,17.290000000000003,16.01,16.990000000000002,276141,468127649.0,0.0,15,15.720000000000002,0
20200731,1596124800000,16.62,17.35,16.53,17.09,180994,307057300.0,0.0,15,16.990000000000002,0
20200803,1596384000000,17.01,17.130000000000003,16.69,17.0,153114,258867529.0,0.0,15,17.09,0
20200804,1596470400000,17.15,17.66,16.4,16.77,146918,249415305.00000003,0.0,15,17.0,0
20200805,1596556800000,16.700000000000003,18.000000000000004,16.240000000000002,17.69,177010,307288873.0,0.0,15,16.770000000000003,0
20200806,1596643200000,17.669999999999998,17.82,16.9,17.549999999999997,110700,192283275.0,0.0,15,17.689999999999998,0
20200807,1596729600000,17.41,17.65,16.68,17.2,106030,180469502.99999997,0.0,15,17.55,0
20200810,1596988800000,17.02,17.18,16.7,17.02,76485,129382997.00000001,0.0,15,17.2,0
20200811,1597075200000,16.97,17.07,16.04,16.11,122057,201060033.0,0.0,15,17.02,0
20200812,1597161600000,16.17,16.5,15.0,15.79,158946,249846097.0,0.0,15,16.11,0
20200813,1597248000000,15.84,16.63,15.48,16.35,129168,206877410.0,0.0,15,15.790000000000001,0
20200814,1597334400000,16.07,16.09,15.15,15.57,148364,230437260.00000003,0.0,15,16.35,0
20200817,1597593600000,15.39,16.16,15.39,16.150000000000002,77383,123382133.00000001,0.0,15,15.57,0
20200818,1597680000000,16.14,16.47,15.91,16.21,77179,125145406.0,0.0,15,16.15,0
20200819,1597766400000,16.39,16.46,15.6,16.1,99192,159150881.0,0.0,15,16.21,0
20200820,1597852800000,15.93,16.68,15.82,16.25,90313,147317492.0,0.0,15,16.1,0
20200821,1597939200000,16.36,16.74,16.2,16.45,71033,117173961.0,0.0,15,16.25,0
20200824,1598198400000,16.4,17.43,16.4,17.2,102746,175428133.0,0.0,15,16.45,0
20200825,1598284800000,17.03,17.12,16.5,16.69,98996,166144504.0,0.0,15,17.2,0
20200826,1598371200000,16.57,16.82,15.48,15.5,129611,207224853.0,0.0,15,16.69,0
20200827,1598457600000,15.59,16.490000000000002,15.56,15.99,101023,161665724.00000003,0.0,15,15.5,0
20200828,1598544000000,16.1,17.27,15.88,17.19,129634,216797444.0,0.0,15,15.99,0
20200831,1598803200000,17.57,17.67,17.0,17.15,102687,177087267.0,0.0,15,17.19,0
20200901,1598889600000,17.09,17.3,16.61,17.14,99603,168782324.0,0.0,15,17.15,0
20200902,1598976000000,17.150000000000002,17.48,16.67,16.85,103442,175257043.0,0.0,15,17.14,0
20200903,1599062400000,16.81,16.91,16.27,16.45,88543,146828516.0,0.0,15,16.849999999999998,0
20200904,1599148800000,16.06,16.25,15.68,15.94,85649,136575559.0,0.0,15,16.45,0
20200907,1599408000000,15.81,16.35,15.39,15.64,82889,131759665.99999999,0.0,15,15.940000000000001,0
20200908,1599494400000,15.48,15.770000000000001,15.14,15.440000000000001,69510,107040402.0,0.0,15,15.64,0
20200909,1599580800000,15.35,15.43,14.48,14.66,119649,177593041.0,0.0,15,15.440000000000001,0
20200910,1599667200000,14.760000000000002,14.850000000000001,14.22,14.23,77471,112570705.0,0.0,15,14.66,0
20200911,1599753600000,14.129999999999999,14.52,14.11,14.469999999999999,55972,80316661.0,0.0,15,14.229999999999999,0
20200914,1600012800000,14.520000000000001,15.190000000000001,14.290000000000001,14.940000000000001,85771,127067544.0,0.0,15,14.47,0
20200915,1600099200000,14.94,15.12,14.61,14.85,48377,71759607.99999999,0.0,15,14.94,0
20200916,1600185600000,14.88,14.88,14.200000000000001,14.49,70898,102416078.0,0.0,15,14.850000000000001,0
20200917,1600272000000,14.33,14.85,14.16,14.66,60284,87305342.00000001,0.0,15,14.49,0
20200918,1600358400000,14.78,15.37,14.6,15.14,77615,116918816.0,0.0,15,14.66,0
20200921,1600617600000,15.15,15.340000000000002,14.71,14.8,51760,77250206.0,0.0,15,15.14,0
20200922,1600704000000,14.58,15.05,14.48,14.82,44835,66584063.00000001,0.0,15,14.8,0
20200923,1600790400000,14.860000000000001,14.97,14.700000000000001,14.9,29870,44345668.0,0.0,15,14.82,0
20200924,1600876800000,14.700000000000001,15.15,14.700000000000001,14.830000000000002,50037,74370682.0,0.0,15,14.9,0
20200925,1600963200000,14.81,15.260000000000002,14.71,15.0,64519,96800746.00000001,0.0,15,14.83,0
20200928,1601222400000,14.930000000000001,15.190000000000001,14.8,15.110000000000001,44674,67126942.0,0.0,15,15.0,0
20200929,1601308800000,15.110000000000001,16.080000000000002,14.97,15.99,96734,151644793.0,0.0,15,15.110000000000001,0
20200930,1601395200000,15.91,16.04,15.67,16.03,63182,99945157.00000001,0.0,15,15.99,0
20201009,1602172800000,16.25,16.380000000000003,15.96,16.28,67899,109408270.0,0.0,15,16.03,0
20201012,1602432000000,16.5,16.6,16.16,16.53,75126,123053824.0,0.0,15,16.28,0
20201013,1602518400000,16.42,16.75,16.21,16.650000000000002,53303,87758617.99999999,0.0,15,16.53,0
20201014,1602604800000,16.69,17.1,16.43,16.86,78361,131516371.00000001,0.0,15,16.65,0
20201015,1602691200000,16.56,16.64,15.9,16.13,106214,172226249.00000003,0.0,15,16.86,0
20201016,1602777600000,16.1,16.28,15.93,16.09,71042,114348862.99999999,0.0,15,16.13,0
20201019,1603036800000,16.12,16.42,16.05,16.21,54018,87622627.00000001,0.0,15,16.09,0
20201020,1603123200000,16.28,16.76,16.0,16.67,45845,75495414.0,0.0,15,16.21,0
20201021,1603209600000,16.750000000000004,16.810000000000002,16.490000000000002,16.62,49571,82494402.00000001,0.0,15,16.67,0
20201022,1603296000000,16.66,16.669999999999998,16.18,16.509999999999998,32326,53125250.0,0.0,15,16.62,0
20201023,1603382400000,16.529999999999998,16.599999999999998,16.06,16.13,51134,83312076.0,0.0,15,16.509999999999998,0
20201026,1603641600000,16.060000000000002,16.16,15.620000000000001,16.12,62194,98532437.00000001,0.0,15,16.130000000000003,0
20201027,1603728000000,16.18,16.93,16.0,16.58,84544,140345748.00000003,0.0,15,16.12,0
20201028,1603814400000,16.58,16.71,16.43,16.61,46498,77050277.0,0.0,15,16.58,0
20201029,1603900800000,16.4,16.61,16.2,16.259999999999998,39564,64754433.0,0.0,15,16.61,0
20201030,1603987200000,16.39,16.41,15.73,15.780000000000001,50379,80749605.0,0.0,15,16.26,0
20201102,1604246400000,15.790000000000001,18.080000000000002,15.790000000000001,17.67,158023,270495464.0,0.0,15,15.780000000000001,0
20201103,1604332800000,18.1,18.71,17.91,18.18,158775,288734484.0,0.0,15,17.67,0
20201104,1604419200000,18.08,18.15,16.75,17.09,147678,254243065.99999997,0.0,15,18.18,0
20201105,1604505600000,17.48,18.25,17.3,17.96,127305,226909795.99999997,0.0,15,17.09,0
20201106,1604592000000,18.01,18.6,17.78,18.16,111720,202767764.00000003,0.0,15,17.96,0
20201109,1604851200000,19.400000000000002,21.79,19.12,19.43,245046,489549867.00000006,0.0,15,18.16,0
20201110,1604937600000,19.009999999999998,19.45,18.29,18.8,171222,321427350.0,0.0,15,19.43,0
20201111,1605024000000,18.34,18.65,17.52,17.55,113119,203725320.0,0.0,15,18.8,0
20201112,1605110400000,17.86,17.86,17.3,17.42,55941,98164339.99999999,0.0,15,17.55,0
20201113,1605196800000,17.36,17.599999999999998,17.22,17.58,47022,81844445.00000001,0.0,15,17.419999999999998,0
20201116,1605456000000,17.540000000000003,18.53,17.35,18.46,83864,151936717.0,0.0,15,17.580000000000002,0
20201117,1605542400000,18.25,18.43,17.37,17.580000000000002,66830,118989508.0,0.0,15,18.46,0
20201118,1605628800000,17.750000000000004,17.880000000000003,17.400000000000002,17.580000000000002,35953,63353524.00000001,0.0,15,17.580000000000002,0
20201119,1605715200000,17.439999999999998,17.55,16.88,17.54,46637,80325475.00000001,0.0,15,17.58,0
20201120,1605801600000,17.55,17.55,17.23,17.400000000000002,30282,52586365.0,0.0,15,17.54,0
20201123,1606060800000,17.430000000000003,17.470000000000002,16.67,16.790000000000003,75060,127113536.0,0.0,15,17.400000000000002,0
20201124,1606147200000,16.71,17.14,16.71,17.03,48610,82409089.00000001,0.0,15,16.79,0
20201125,1606233600000,17.2,17.27,16.48,16.48,56888,95237822.0,0.0,15,17.03,0
20201126,1606320000000,16.54,16.67,16.0,16.49,44308,72369607.0,0.0,15,16.48,0
20201127,1606406400000,16.59,16.59,16.01,16.3,42349,69078311.0,0.0,15,16.490000000000002,0
20201130,1606665600000,16.28,16.48,15.93,16.1,43828,70534524.00000001,0.0,15,16.3,0
20201201,1606752000000,16.1,16.900000000000002,15.96,16.380000000000003,55665,92005598.0,0.0,15,16.1,0
20201202,1606838400000,16.470000000000002,16.880000000000003,16.03,16.880000000000003,83282,137062637.00000003,0.0,15,16.380000000000003,0
20201203,1606924800000,16.72,17.28,16.5,17.02,87199,147951909.0,0.0,15,16.88,0
20201204,1607011200000,17.0,18.150000000000002,16.92,17.900000000000002,121128,213635862.0,0.0,15,17.020000000000003,0
20201207,1607270400000,17.98,18.200000000000003,17.37,18.09,96203,171956380.0,0.0,15,17.900000000000002,0
20201208,1607356800000,18.0,18.130000000000003,17.62,17.64,62876,112110799.0,0.0,15,18.09,0
20201209,1607443200000,17.76,17.96,17.330000000000002,17.400000000000002,48268,84884919.0,0.0,15,17.64,0
20201210,1607529600000,17.310000000000002,17.62,17.080000000000002,17.12,45885,79445992.0,0.0,15,17.400000000000002,0
20201211,1607616000000,17.05,17.16,16.44,16.8,60814,102028613.0,0.0,15,17.12,0
20201214,1607875200000,16.9,17.73,16.7,17.55,63858,110720318.00000001,0.0,15,16.8,0
20201215,1607961600000,17.64,17.74,17.22,17.349999999999998,46854,81626485.00000001,0.0,15,17.549999999999997,0
20201216,1608048000000,17.34,17.53,17.12,17.23,36401,62816298.0,0.0,15,17.35,0
20201217,1608134400000,17.240000000000002,17.8,17.080000000000002,17.680000000000003,78555,137652628.0,0.0,15,17.23,0
20201218,1608220800000,17.86,17.95,17.06,17.349999999999998,61184,106213889.0,0.0,15,17.68,0
20201221,1608480000000,17.240000000000002,17.650000000000002,17.01,17.450000000000003,62712,109130397.0,0.0,15,17.35,0
20201222,1608566400000,17.45,17.76,17.07,17.3,62021,107713744.00000001,0.0,15,17.45,0
20201223,1608652800000,17.2,17.87,17.16,17.8,79492,139992193.0,0.0,15,17.3,0
20201224,1608739200000,17.419999999999998,18.38,17.2,18.22,122076,218886396.0,0.0,15,17.8,0
20201225,1608825600000,18.099999999999998,18.349999999999998,17.7,17.97,73789,132771290.99999999,0.0,15,18.22,0
20201228,1609084800000,17.860000000000003,19.14,17.85,19.12,126146,234467361.00000003,0.0,15,17.970000000000002,0
20201229,1609171200000,19.0,19.66,18.75,19.53,134448,258758504.0,0.0,15,19.12,0
20201230,1609257600000,19.27,19.63,18.84,19.31,93192,179052545.0,0.0,15,19.53,0
20201231,1609344000000,19.11,19.39,18.7,19.15,90959,172893729.0,0.0,15,19.31,0
20210104,1609689600000,19.090000000000003,19.830000000000002,18.900000000000002,19.78,100308,195518726.0,0.0,15,19.150000000000002,0
20210105,1609776000000,19.56,19.830000000000002,18.91,19.06,107991,207961954.0,0.0,15,19.78,0
20210106,1609862400000,18.88,18.88,17.13,17.599999999999998,196177,350296787.0,0.0,15,19.06,0
20210107,1609948800000,17.72,18.11,17.13,17.169999999999998,94488,165364923.0,0.0,15,17.599999999999998,0
20210108,1610035200000,17.3,17.66,16.7,17.22,66879,114592208.0,0.0,15,17.169999999999998,0
20210111,1610294400000,17.29,17.29,16.2,16.77,88756,148297052.00000003,0.0,15,17.22,0
20210112,1610380800000,16.6,17.3,16.53,16.790000000000003,47890,80857068.00000001,0.0,15,16.77,0
20210113,1610467200000,16.8,16.880000000000003,16.1,16.220000000000002,60208,98425101.0,0.0,15,16.790000000000003,0
20210114,1610553600000,15.9,16.45,15.85,15.969999999999999,55466,89164224.0,0.0,15,16.22,0
20210115,1610640000000,15.899999999999999,16.0,14.94,15.29,87954,135424192.0,0.0,15,15.969999999999999,0
20210118,1610899200000,14.98,15.17,14.67,15.01,92922,138357517.0,0.0,15,15.29,0
20210119,1610985600000,14.92,15.47,14.83,15.17,62512,95071225.0,0.0,15,15.01,0
20210120,1611072000000,15.09,15.17,14.43,14.66,84005,123419138.0,0.0,15,15.17,0
20210121,1611158400000,14.63,14.82,14.32,14.700000000000001,78595,114778426.00000001,0.0,15,14.66,0
20210122,1611244800000,14.700000000000001,15.76,14.57,15.41,120239,183006661.0,0.0,15,14.700000000000001,0
20210125,1611504000000,15.4,15.66,15.01,15.6,82085,125348100.0,0.0,15,15.41,0
20210126,1611590400000,15.950000000000001,16.17,15.21,15.64,83191,130437214.0,0.0,15,15.600000000000001,0
20210127,1611676800000,15.72,15.8,15.33,15.35,40540,62735966.00000001,0.0,15,15.64,0
20210128,1611763200000,15.030000000000001,15.780000000000001,14.950000000000001,15.510000000000002,68133,105735794.0,0.0,15,15.350000000000001,0
20210129,1611849600000,15.52,17.0,15.52,16.5,144451,236363382.0,0.0,15,15.51,0
20210201,1612108800000,16.35,16.68,16.12,16.290000000000003,81502,133502917.0,0.0,15,16.5,0
20210202,1612195200000,16.21,16.68,16.07,16.44,54413,89254457.0,0.0,15,16.29,0
20210203,1612281600000,16.24,16.74,16.15,16.2,57703,94616640.0,0.0,15,16.439999999999998,0
20210204,1612368000000,16.19,16.67,15.66,15.75,71787,115674402.00000001,0.0,15,16.2,0
20210205,1612454400000,15.71,16.07,15.3,15.520000000000001,53812,84725366.0,0.0,15,15.75,0
20210208,1612713600000,15.6,15.88,14.98,15.5,60691,93889693.0,0.0,15,15.52,0
20210209,1612800000000,15.639999999999999,15.719999999999999,15.36,15.69,45918,71420998.0,0.0,15,15.5,0
20210210,1612886400000,15.8,16.98,15.71,16.1,92686,151863573.00000003,0.0,15,15.690000000000001,0
20210218,1613577600000,16.09,16.69,15.74,15.82,76101,122625371.0,0.0,15,16.1,0
20210219,1613664000000,15.82,15.97,15.200000000000001,15.97,68988,107614793.0,0.0,15,15.82,0
20210222,1613923200000,15.93,16.43,15.85,16.12,104188,168416945.0,0.0,15,15.969999999999999,0
20210223,1614009600000,16.09,16.3,15.46,16.17,82353,130377160.0,0.0,15,16.12,0
20210224,1614096000000,16.07,16.27,15.700000000000001,15.840000000000002,47641,76060988.0,0.0,15,16.17,0
20210225,1614182400000,15.76,15.950000000000001,14.9,14.96,82849,126313573.0,0.0,15,15.84,0
20210226,1614268800000,14.7,15.28,14.41,14.9,45167,67294587.0,0.0,15,14.96,0
20210301,1614528000000,15.05,16.330000000000002,15.05,16.25,125764,200975366.0,0.0,15,14.9,0
20210302,1614614400000,16.25,16.450000000000003,15.700000000000001,15.9,63165,100801393.0,0.0,15,16.25,0
20210303,1614700800000,15.84,16.13,15.74,16.13,42309,67298058.0,0.0,15,15.9,0
20210304,1614787200000,15.9,16.07,15.63,15.83,34546,54679432.0,0.0,15,16.130000000000003,0
20210305,1614873600000,15.830000000000002,16.14,15.620000000000001,15.950000000000001,36310,57820832.0,0.0,15,15.830000000000002,0
20210308,1615132800000,16.02,16.240000000000002,15.65,15.69,40131,63880432.0,0.0,15,15.950000000000001,0
20210309,1615219200000,15.66,15.69,15.09,15.379999999999999,36368,56005613.0,0.0,15,15.69,0
20210310,1615305600000,15.55,15.65,15.32,15.58,25886,40217021.0,0.0,15,15.38,0
20210311,1615392000000,15.44,15.8,15.4,15.73,22130,34604877.00000001,0.0,15,15.58,0
20210312,1615478400000,15.67,15.78,15.44,15.52,14333,22290373.0,0.0,15,15.729999999999999,0
20210315,1615737600000,15.51,15.51,15.06,15.17,24355,37076621.0,0.0,15,15.520000000000001,0
20210316,1615824000000,15.19,15.379999999999999,15.09,15.28,14224,21655182.000000004,0.0,15,15.17,0
20210317,1615910400000,15.26,15.38,15.07,15.3,16830,25694496.0,0.0,15,15.280000000000001,0
20210318,1615996800000,15.32,15.7,15.26,15.549999999999999,25909,40084107.0,0.0,15,15.299999999999999,0
20210319,1616083200000,15.41,15.55,15.01,15.25,26479,40422451.0,0.0,15,15.55,0
20210322,1616342400000,15.17,15.36,15.0,15.06,27695,41885118.0,0.0,15,15.25,0
20210323,1616428800000,15.25,15.39,14.34,14.48,95836,140909006.0,0.0,15,15.06,0
20210324,1616515200000,14.57,14.97,14.3,14.850000000000001,37503,54939072.00000001,0.0,15,14.48,0
20210325,1616601600000,14.790000000000001,15.040000000000001,14.65,14.700000000000001,20173,29877837.000000004,0.0,15,14.85,0
20210326,1616688000000,14.7,14.87,14.43,14.81,24184,35505396.0,0.0,15,14.7,0
20210329,1616947200000,14.73,15.100000000000001,14.700000000000001,15.010000000000002,24879,37157298.0,0.0,15,14.81,0
20210330,1617033600000,14.85,15.120000000000001,14.73,14.780000000000001,16991,25294262.0,0.0,15,15.01,0
20210331,1617120000000,14.700000000000001,14.8,14.48,14.72,16240,23774223.0,0.0,15,14.780000000000001,0
20210401,1617206400000,14.75,14.870000000000001,14.55,14.680000000000001,12360,18095320.000000004,0.0,15,14.72,0
20210402,1617292800000,14.830000000000002,15.040000000000001,14.620000000000001,15.000000000000002,22649,33712432.0,0.0,15,14.680000000000001,0
20210406,1617638400000,15.100000000000001,15.100000000000001,14.620000000000001,14.950000000000001,27314,40485321.0,0.0,15,15.000000000000002,0
20210407,1617724800000,14.86,14.950000000000001,14.74,14.790000000000001,12689,18777618.0,0.0,15,14.950000000000001,0
20210408,1617811200000,14.709999999999999,14.99,14.61,14.75,16575,24571054.0,0.0,15,14.79,0
20210409,1617897600000,14.8,14.89,14.65,14.75,14471,21329433.000000004,0.0,15,14.75,0
20210412,1618156800000,14.680000000000001,14.8,14.370000000000001,14.38,21087,30760584.0,0.0,15,14.750000000000002,0
20210413,1618243200000,14.38,14.91,14.38,14.680000000000001,22839,33673040.0,0.0,15,14.38,0
20210414,1618329600000,14.690000000000001,14.88,14.63,14.780000000000001,13845,20454696.000000004,0.0,15,14.680000000000001,0
20210415,1618416000000,14.81,14.9,14.66,14.8,13674,20227995.000000004,0.0,15,14.78,0
20210416,1618502400000,14.790000000000001,14.89,14.73,14.88,11128,16487281.0,0.0,15,14.8,0
20210419,1618761600000,14.88,15.080000000000002,14.780000000000001,14.920000000000002,21404,31974347.0,0.0,15,14.88,0
20210420,1618848000000,15.02,15.02,14.65,14.75,26722,39574044.00000001,0.0,15,14.92,0
20210421,1618934400000,14.74,14.81,14.41,14.74,24396,35663441.0,0.0,15,14.75,0
20210422,1619020800000,14.690000000000001,14.760000000000002,14.46,14.670000000000002,20400,29759890.0,0.0,15,14.65,0
20210423,1619107200000,14.620000000000001,14.790000000000001,14.31,14.48,24000,34841207.0,0.0,15,14.67,0
20210426,1619366400000,14.58,15.52,14.58,15.02,80435,121400700.0,0.0,15,14.48,0
20210427,1619452800000,15.13,15.190000000000001,14.73,14.93,27727,41554810.99999999,0.0,15,15.02,0
20210428,1619539200000,14.850000000000001,15.540000000000001,14.780000000000001,15.48,53907,82523245.00000001,0.0,15,14.930000000000001,0
20210429,1619625600000,15.56,15.56,15.14,15.3,27986,42770506.00000001,0.0,15,15.48,0
20210430,1619712000000,15.309999999999999,15.389999999999999,15.11,15.29,26607,40449140.0,0.0,15,15.299999999999999,0
20210506,1620230400000,15.190000000000001,15.520000000000001,14.96,15.340000000000002,27366,41645889.0,0.0,15,15.290000000000001,0
20210507,1620316800000,15.370000000000001,15.59,15.22,15.430000000000001,40026,61829507.0,0.0,15,15.34,0
20210510,1620576000000,15.5,15.59,14.86,15.16,44126,67202182.0,0.0,15,15.43,0
20210511,1620662400000,15.05,15.770000000000001,15.05,15.65,63277,98193082.0,0.0,15,15.16,0
20210512,1620748800000,15.51,15.639999999999999,15.35,15.5,34316,53028709.0,0.0,15,15.65,0
20210513,1620835200000,15.4,15.48,15.1,15.19,35236,53581732.0,0.0,15,15.5,0
20210514,1620921600000,15.22,15.520000000000001,15.13,15.290000000000001,28490,43652654.00000001,0.0,15,15.190000000000001,0
20210517,1621180800000,15.2,15.35,14.93,15.09,40261,60828940.0,0.0,15,15.29,0
20210518,1621267200000,15.14,15.250000000000002,15.030000000000001,15.14,19296,29165878.0,0.0,15,15.090000000000002,0
20210519,1621353600000,15.21,15.22,14.66,14.74,45814,68084542.99999999,0.0,15,15.14,0
20210520,1621440000000,14.700000000000001,14.780000000000001,14.47,14.76,23952,35085834.0,0.0,15,14.74,0
20210521,1621526400000,14.74,14.76,14.32,14.36,30476,44170289.0,0.0,15,14.76,0
20210524,1621785600000,14.3,14.610000000000001,14.21,14.46,20814,30041867.000000004,0.0,15,14.360000000000001,0
20210525,1621872000000,14.510000000000002,14.590000000000002,14.200000000000001,14.530000000000001,22373,32317749.000000004,0.0,15,14.46,0
20210526,1621958400000,14.55,14.65,14.32,14.5,32397,46796069.00000001,0.0,15,14.530000000000001,0
20210527,1622044800000,14.47,14.770000000000001,14.47,14.600000000000001,24012,35075728.0,0.0,15,14.5,0
20210528,1622131200000,14.67,14.950000000000001,14.39,14.8,47842,70541653.00000001,0.0,15,14.600000000000001,0
20210531,1622390400000,14.709999999999999,14.75,14.43,14.65,27861,40629009.00000001,0.0,15,14.799999999999999,0
20210601,1622476800000,14.600000000000001,14.71,14.47,14.57,26243,38213336.0,0.0,15,14.65,0
20210602,1622563200000,14.57,14.64,14.370000000000001,14.440000000000001,24182,35007218.0,0.0,15,14.57,0
20210603,1622649600000,14.530000000000001,14.530000000000001,14.200000000000001,14.24,38350,54875332.0,0.0,15,14.440000000000001,0
20210604,1622736000000,14.24,14.410000000000002,14.200000000000001,14.32,22088,31613867.999999996,0.0,15,14.24,0
20210607,1622995200000,14.32,14.42,14.22,14.26,21817,31221035.000000004,0.0,15,14.32,0
20210608,1623081600000,14.3,14.48,14.17,14.33,27187,38962632.0,0.0,15,14.26,0
20210609,1623168000000,14.33,14.440000000000001,14.22,14.38,19839,28417095.0,0.0,15,14.33,0
20210610,1623254400000,14.38,14.440000000000001,14.3,14.4,25662,36881470.0,0.0,15,14.38,0
20210611,1623340800000,14.4,14.450000000000001,13.700000000000001,13.8,55346,77806667.0,0.0,15,14.4,0
20210615,1623686400000,13.63,13.98,13.07,13.700000000000001,79203,106060888.0,0.0,15,13.8,0
20210616,1623772800000,13.66,14.34,13.59,14.01,72987,102753550.0,0.0,15,13.7,0
20210617,1623859200000,14.0,14.260000000000002,13.63,14.120000000000001,41521,58036945.0,0.0,15,14.010000000000002,0
20210618,1623945600000,14.200000000000001,14.200000000000001,13.82,13.870000000000001,27202,37893092.99999999,0.0,15,14.120000000000001,0
20210621,1624204800000,13.82,14.120000000000001,13.81,13.99,36483,50867618.99999999,0.0,15,13.870000000000001,0
20210622,1624291200000,14.08,14.39,13.93,14.2,43968,62347785.0,0.0,15,13.99,0
20210623,1624377600000,14.129999999999999,14.31,14.09,14.11,30395,43036355.0,0.0,15,14.2,0
20210624,1624464000000,14.07,14.32,14.07,14.25,19185,27292676.0,0.0,15,14.11,0
20210625,1624550400000,14.17,14.5,14.1,14.27,30943,44300684.0,0.0,15,14.25,0
20210628,1624809600000,14.21,14.57,14.21,14.520000000000001,39959,57631232.0,0.0,15,14.270000000000001,0
20210629,1624896000000,14.51,15.7,14.43,15.41,102191,155797716.0,0.0,15,14.52,0
20210630,1624982400000,15.4,15.4,14.98,15.3,49437,75144865.0,0.0,15,15.41,0
20210701,1625068800000,15.299999999999999,15.979999999999999,15.11,15.629999999999999,72693,113823344.00000001,0.0,15,15.299999999999999,0
20210702,1625155200000,15.530000000000001,15.96,15.31,15.440000000000001,49561,77399301.0,0.0,15,15.63,0
20210705,1625414400000,15.44,16.0,15.34,15.98,65261,103227923.0,0.0,15,15.44,0
20210706,1625500800000,15.97,16.02,15.22,15.66,49001,76251423.0,0.0,15,15.98,0
20210707,1625587200000,15.57,15.93,15.35,15.66,41944,65977100.0,0.0,15,15.66,0
20210708,1625673600000,15.57,15.88,15.4,15.74,50855,79557735.0,0.0,15,15.66,0
20210709,1625760000000,15.780000000000001,16.02,15.46,15.89,49373,78054759.0,0.0,15,15.74,0
20210712,1626019200000,15.81,16.400000000000002,15.71,16.28,62246,100198490.0,0.0,15,15.89,0
20210713,1626105600000,16.18,16.43,15.94,16.27,42540,68973634.0,0.0,15,16.28,0
20210714,1626192000000,15.99,16.43,15.0,16.17,122401,192403726.0,0.0,15,16.27,0
20210715,1626278400000,16.07,16.17,15.32,15.67,59041,92735603.99999999,0.0,15,16.17,0
20210716,1626364800000,15.850000000000001,15.850000000000001,15.450000000000001,15.660000000000002,39810,62301258.0,0.0,15,15.670000000000002,0
20210719,1626624000000,15.520000000000001,15.91,15.38,15.81,29498,46359960.0,0.0,15,15.66,0
20210720,1626710400000,15.8,15.89,15.55,15.600000000000001,17535,27554738.999999996,0.0,15,15.81,0
20210721,1626796800000,15.680000000000001,15.850000000000001,15.47,15.620000000000001,29644,46209954.0,0.0,15,15.600000000000001,0
20210722,1626883200000,15.6,15.62,15.19,15.219999999999999,60013,92209983.0,0.0,15,15.62,0
20210723,1626969600000,15.2,15.25,14.58,14.73,54159,80590847.0,0.0,15,15.22,0
20210726,1627228800000,14.6,14.74,14.0,14.13,48116,69100894.0,0.0,15,14.73,0
20210727,1627315200000,14.290000000000001,14.450000000000001,13.8,14.08,49745,70207853.0,0.0,15,14.13,0
20210728,1627401600000,14.0,14.09,13.5,13.65,39330,54058852.0,0.0,15,14.08,0
20210729,1627488000000,13.85,13.98,13.68,13.78,27128,37481182.0,0.0,15,13.65,0
20210730,1627574400000,13.78,13.97,13.41,13.870000000000001,39351,53900910.0,0.0,15,13.78,0
20210802,1627833600000,13.77,14.44,13.51,14.16,53145,74814131.00000001,0.0,15,13.87,0
20210803,1627920000000,14.05,14.200000000000001,13.96,14.090000000000002,33223,46735505.0,0.0,15,14.16,0
20210804,1628006400000,14.18,14.18,13.9,14.14,30240,42465020.00000001,0.0,15,14.09,0
20210805,1628092800000,14.02,14.27,13.92,14.18,25647,36340118.0,0.0,15,14.14,0
20210806,1628179200000,14.15,14.510000000000002,13.950000000000001,14.170000000000002,29680,42317482.0,0.0,15,14.180000000000001,0
20210809,1628438400000,14.1,14.4,14.09,14.35,24587,35146329.0,0.0,15,14.17,0
20210810,1628524800000,14.23,14.96,14.23,14.8,33702,49310750.99999999,0.0,15,14.35,0
20210811,1628611200000,14.750000000000002,14.9,14.700000000000001,14.850000000000001,20713,30669012.0,0.0,15,14.8,0
20210812,1628697600000,14.81,14.969999999999999,14.6,14.86,33384,49440893.00000001,0.0,15,14.85,0
20210813,1628784000000,14.91,15.26,14.81,15.23,31232,47241227.0,0.0,15,14.860000000000001,0
20210816,1629043200000,15.23,15.770000000000001,15.05,15.13,32983,50723482.0,0.0,15,15.23,0
20210817,1629129600000,15.15,15.280000000000001,14.780000000000001,14.88,22258,33435899.0,0.0,15,15.13,0
20210818,1629216000000,14.790000000000001,15.340000000000002,14.790000000000001,15.21,15509,23514814.0,0.0,15,14.88,0
20210819,1629302400000,15.12,15.4,15.02,15.28,17716,26938377.0,0.0,15,15.209999999999999,0
20210820,1629388800000,15.280000000000001,15.32,14.8,15.020000000000001,17698,26598010.0,0.0,15,15.280000000000001,0
20210823,1629648000000,15.11,15.19,14.84,15.02,27727,41668455.0,0.0,15,15.02,0
20210824,1629734400000,15.020000000000001,15.14,14.870000000000001,15.000000000000002,36234,54403549.00000001,0.0,15,15.020000000000001,0
20210825,1629820800000,15.090000000000002,15.48,14.950000000000001,15.450000000000001,36282,55713075.0,0.0,15,15.000000000000002,0
20210826,1629907200000,15.55,15.55,15.05,15.15,23272,35401485.0,0.0,15,15.450000000000001,0
20210827,1629993600000,15.25,15.25,14.65,14.71,32516,48436712.00000001,0.0,15,15.15,0
20210830,1630252800000,14.71,15.05,14.55,14.620000000000001,26873,39721932.00000001,0.0,15,14.71,0
20210831,1630339200000,14.67,14.969999999999999,14.52,14.59,20793,30578799.0,0.0,15,14.62,0
20210901,1630425600000,14.500000000000002,14.700000000000001,14.200000000000001,14.38,29853,43014547.0,0.0,15,14.590000000000002,0
20210902,1630512000000,14.38,14.600000000000001,14.05,14.16,41416,58853410.00000001,0.0,15,14.38,0
20210903,1630598400000,14.1,14.28,14.0,14.19,19669,27878078.0,0.0,15,14.16,0
20210906,1630857600000,14.180000000000001,14.55,14.120000000000001,14.440000000000001,24591,35360266.0,0.0,15,14.190000000000001,0
20210907,1630944000000,14.440000000000001,14.670000000000002,14.21,14.38,36629,52763849.0,0.0,15,14.440000000000001,0
20210908,1631030400000,14.459999999999999,14.47,14.17,14.23,29447,42048079.0,0.0,15,14.38,0
20210909,1631116800000,14.16,14.360000000000001,14.120000000000001,14.200000000000001,25644,36549829.0,0.0,15,14.23,0
20210910,1631203200000,14.200000000000001,14.25,13.96,14.07,36044,50794363.0,0.0,15,14.200000000000001,0
20210913,1631462400000,14.07,14.17,13.77,13.94,46857,64993060.0,0.0,15,14.07,0
20210914,1631548800000,13.94,14.32,13.83,13.85,37510,52608750.00000001,0.0,15,13.94,0
20210915,1631635200000,13.879999999999999,13.99,13.68,13.9,33467,46293402.0,0.0,15,13.85,0
20210916,1631721600000,13.850000000000001,14.23,13.780000000000001,13.830000000000002,32580,45405437.00000001,0.0,15,13.9,0
20210917,1631808000000,13.82,14.090000000000002,13.63,13.75,41834,57779722.0,0.0,15,13.83,0
20210922,1632240000000,13.700000000000001,13.74,13.450000000000001,13.55,30898,41902727.0,0.0,15,13.750000000000002,0
20210923,1632326400000,13.78,13.98,13.52,13.809999999999999,22486,31058690.000000004,0.0,15,13.549999999999999,0
20210924,1632412800000,13.81,13.86,13.08,13.25,66810,89840335.00000001,0.0,15,13.81,0
20210927,1632672000000,13.25,13.370000000000001,12.82,12.89,47459,62044621.00000001,0.0,15,13.25,0
20210928,1632758400000,12.83,12.88,12.4,12.5,38033,47784597.99999999,0.0,15,12.89,0
20210929,1632844800000,12.49,12.75,12.34,12.41,34642,43401713.00000001,0.0,15,12.5,0
20210930,1632931200000,12.5,12.99,12.48,12.870000000000001,33169,42532600.0,0.0,15,12.41,0
20211008,1633622400000,12.870000000000001,13.420000000000002,12.870000000000001,13.280000000000001,33706,44613197.0,0.0,15,12.870000000000001,0
20211011,1633881600000,13.49,13.780000000000001,13.200000000000001,13.270000000000001,46526,62386528.0,0.0,15,13.280000000000001,0
20211012,1633968000000,13.36,13.6,13.1,13.31,38492,51412266.0,0.0,15,13.27,0
20211013,1634054400000,13.299999999999999,13.43,13.02,13.28,22313,29486968.999999996,0.0,15,13.309999999999999,0
20211014,1634140800000,13.64,13.8,12.92,13.17,42220,55577365.0,0.0,15,13.28,0
20211015,1634227200000,13.260000000000002,13.38,12.950000000000001,13.000000000000002,35857,46947525.0,0.0,15,13.170000000000002,0
20211018,1634486400000,12.93,13.58,12.68,13.5,41967,55591059.0,0.0,15,13.0,0
20211019,1634572800000,13.54,13.59,13.19,13.379999999999999,46215,61586075.00000001,0.0,15,13.5,0
20211020,1634659200000,13.47,13.47,13.120000000000001,13.170000000000002,35421,46879381.0,0.0,15,13.38,0
20211021,1634745600000,13.17,13.309999999999999,13.02,13.07,21984,28911423.000000004,0.0,15,13.17,0
20211022,1634832000000,13.19,13.19,12.83,12.91,22661,29392120.0,0.0,15,13.07,0
20211025,1635091200000,12.91,13.33,12.8,13.260000000000002,36045,47144426.0,0.0,15,12.91,0
20211026,1635177600000,13.5,13.6,13.18,13.28,48733,65108368.0,0.0,15,13.26,0
20211027,1635264000000,13.2,14.16,13.11,14.08,92138,126544166.0,0.0,15,13.28,0
20211028,1635350400000,13.94,14.42,13.69,14.02,70106,98589306.00000001,0.0,15,14.08,0
20211029,1635436800000,14.020000000000001,15.24,13.8,15.15,154993,226572700.0,0.0,15,14.020000000000001,0
20211101,1635696000000,15.000000000000002,15.250000000000002,14.780000000000001,15.100000000000001,86736,129926237.0,0.0,15,15.15,0
20211102,1635782400000,15.07,15.41,14.870000000000001,15.280000000000001,65563,99510049.0,0.0,15,15.100000000000001,0
20211103,1635868800000,15.160000000000002,15.39,14.950000000000001,15.270000000000001,41408,62880231.0,0.0,15,15.280000000000001,0
20211104,1635955200000,15.17,15.55,15.08,15.28,44516,67823766.0,0.0,15,15.27,0
20211105,1636041600000,15.190000000000001,15.540000000000001,15.120000000000001,15.3,39907,61015852.0,0.0,15,15.280000000000001,0
20211108,1636300800000,15.200000000000001,15.31,14.8,15.0,70628,105807863.0,0.0,15,15.3,0
20211109,1636387200000,14.96,15.08,14.8,14.950000000000001,35375,52745893.0,0.0,15,15.0,0
20211110,1636473600000,14.950000000000001,14.950000000000001,14.700000000000001,14.780000000000001,40446,59935123.0,0.0,15,14.950000000000001,0
20211111,1636560000000,14.81,15.049999999999999,14.6,14.61,34668,51204873.0,0.0,15,14.78,0
20211112,1636646400000,14.71,14.9,14.46,14.81,56847,83257392.0,0.0,15,14.610000000000001,0
20211115,1636905600000,14.81,15.14,14.72,14.92,51781,77383100.00000001,0.0,15,14.81,0
20211116,1636992000000,14.97,15.040000000000001,14.65,14.83,35733,53020668.0,0.0,15,14.92,0
20211117,1637078400000,14.84,15.059999999999999,14.69,15.02,32522,48578664.0,0.0,15,14.83,0
20211118,1637164800000,15.020000000000001,15.05,14.8,14.860000000000001,23720,35309173.0,0.0,15,15.020000000000001,0
20211119,1637251200000,14.81,15.1,14.6,14.86,31763,47329333.0,0.0,15,14.86,0
20211122,1637510400000,14.86,15.299999999999999,14.77,15.17,43248,65308402.0,0.0,15,14.86,0
20211123,1637596800000,15.080000000000002,15.48,15.030000000000001,15.3,40166,61151535.0,0.0,15,15.170000000000002,0
20211124,1637683200000,15.26,15.77,15.17,15.63,46181,71877051.0,0.0,15,15.3,0
20211125,1637769600000,15.78,15.8,15.16,15.25,41026,63090934.0,0.0,15,15.63,0
20211126,1637856000000,15.25,15.549999999999999,15.18,15.379999999999999,24787,38168329.0,0.0,15,15.25,0
20211129,1638115200000,15.2,15.36,15.08,15.15,34640,52635739.00000001,0.0,15,15.38,0
20211130,1638201600000,15.1,15.3,14.9,15.18,34967,52818098.0,0.0,15,15.15,0
20211201,1638288000000,15.15,15.190000000000001,14.700000000000001,14.850000000000001,31413,46812480.0,0.0,15,15.180000000000001,0
20211202,1638374400000,14.84,15.97,14.84,15.06,72759,112257373.0,0.0,15,14.85,0
20211203,1638460800000,15.0,15.22,14.8,15.100000000000001,47327,70888601.0,0.0,15,15.06,0
20211206,1638720000000,15.04,15.1,14.67,14.74,46672,69155990.0,0.0,15,15.1,0
20211207,1638806400000,14.74,15.500000000000002,14.450000000000001,15.420000000000002,60458,90002657.00000001,0.0,15,14.74,0
20211208,1638892800000,15.360000000000001,15.85,14.9,15.690000000000001,110413,170026469.0,0.0,15,15.42,0
20211209,1638979200000,15.780000000000001,15.780000000000001,15.32,15.5,67624,104861560.0,0.0,15,15.69,0
20211210,1639065600000,15.5,16.48,15.4,16.16,105114,168500649.00000003,0.0,15,15.5,0
20211213,1639324800000,16.290000000000003,16.48,15.780000000000001,16.220000000000002,75568,122122544.00000001,0.0,15,16.16,0
20211214,1639411200000,16.11,16.27,15.8,15.91,62176,99277739.0,0.0,15,16.220000000000002,0
20211215,1639497600000,15.82,16.28,15.76,16.2,42226,67907523.0,0.0,15,15.91,0
20211216,1639584000000,16.07,16.24,15.91,16.03,34223,54897984.0,0.0,15,16.2,0
20211217,1639670400000,16.02,16.05,15.5,15.56,34935,54831834.00000001,0.0,15,16.03,0
20211220,1639929600000,15.6,15.709999999999999,15.18,15.41,48315,74173801.0,0.0,15,15.56,0
20211221,1640016000000,15.41,15.56,15.18,15.48,45498,69824114.0,0.0,15,15.41,0
20211222,1640102400000,15.370000000000001,15.620000000000001,15.3,15.48,30723,47536034.0,0.0,15,15.48,0
20211223,1640188800000,15.55,15.97,15.5,15.9,38602,60868267.0,0.0,15,15.48,0
20211224,1640275200000,15.9,16.65,15.68,16.24,61829,100305084.99999999,0.0,15,15.9,0
20211227,1640534400000,16.29,16.99,16.25,16.69,52126,86575163.0,0.0,15,16.24,0
20211228,1640620800000,16.6,16.8,16.28,16.490000000000002,47114,77839787.0,0.0,15,16.69,0
20211229,1640707200000,16.59,16.75,16.34,16.58,39503,65472513.00000001,0.0,15,16.49,0
20211230,1640793600000,16.580000000000002,16.680000000000003,16.42,16.580000000000002,24486,40538797.0,0.0,15,16.580000000000002,0
20211231,1640880000000,16.57,16.9,16.5,16.7,33695,56326840.0,0.0,15,16.58,0
20220104,1641225600000,16.88,17.79,16.68,17.22,80411,139420045.0,0.0,15,16.7,0
20220105,1641312000000,17.22,17.33,16.56,16.77,61489,103370111.99999999,0.0,15,17.22,0
20220106,1641398400000,16.7,16.95,16.46,16.880000000000003,37653,63082740.00000001,0.0,15,16.77,0
20220107,1641484800000,16.95,17.029999999999998,16.65,16.68,38662,65155715.0,0.0,15,16.88,0
20220110,1641744000000,16.68,17.09,16.57,17.0,39506,66681139.0,0.0,15,16.68,0
20220111,1641830400000,16.87,17.39,16.46,16.52,47732,80244654.0,0.0,15,17.0,0
20220112,1641916800000,16.6,17.25,16.55,17.16,50304,85698800.0,0.0,15,16.52,0
20220113,1642003200000,17.26,17.29,16.8,16.86,28536,48473636.00000001,0.0,15,17.16,0
20220114,1642089600000,16.89,17.13,16.55,16.66,31053,52190412.00000001,0.0,15,16.86,0
20220117,1642348800000,16.610000000000003,16.880000000000003,16.35,16.53,47473,78427131.0,0.0,15,16.66,0
20220118,1642435200000,16.580000000000002,16.6,16.05,16.2,38275,62281174.0,0.0,15,16.53,0
20220119,1642521600000,16.21,16.4,16.0,16.26,27643,44706769.0,0.0,15,16.2,0
20220120,1642608000000,16.14,16.63,15.93,15.99,31071,50569430.99999999,0.0,15,16.259999999999998,0
20220121,1642694400000,16.009999999999998,16.24,15.77,15.959999999999999,28006,44780329.0,0.0,15,15.99,0
20220124,1642953600000,15.74,15.93,15.44,15.49,20523,31969050.000000004,0.0,15,15.959999999999999,0
20220125,1643040000000,15.74,16.28,15.68,15.91,64016,102289671.0,0.0,15,15.49,0
20220126,1643126400000,15.950000000000001,16.69,15.790000000000001,16.380000000000003,58571,95219071.0,0.0,15,15.91,0
20220127,1643212800000,16.43,16.56,15.77,16.11,52783,85300941.0,0.0,15,16.38,0
20220128,1643299200000,16.18,16.24,15.85,16.05,33149,53213849.0,0.0,15,16.11,0
20220207,1644163200000,16.28,16.65,16.0,16.45,45663,74816785.0,0.0,15,16.05,0
20220208,1644249600000,16.450000000000003,16.950000000000003,16.330000000000002,16.860000000000003,51724,86727160.0,0.0,15,16.450000000000003,0
20220209,1644336000000,16.8,16.900000000000002,16.6,16.700000000000003,28653,47802117.00000001,0.0,15,16.860000000000003,0
20220210,1644422400000,16.580000000000002,17.020000000000003,16.580000000000002,16.91,43590,73242500.0,0.0,15,16.700000000000003,0
20220211,1644508800000,16.88,16.93,16.43,16.52,36380,60316616.00000001,0.0,15,16.91,0
20220214,1644768000000,16.39,16.470000000000002,16.1,16.42,24883,40524921.0,0.0,15,16.520000000000003,0
20220215,1644854400000,16.490000000000002,16.76,16.3,16.75,27827,46061584.99999999,0.0,15,16.42,0
20220216,1644940800000,16.8,16.8,16.11,16.31,39249,63962069.0,0.0,15,16.75,0
20220217,1645027200000,16.43,16.490000000000002,16.03,16.46,32776,53571001.0,0.0,15,16.310000000000002,0
20220218,1645113600000,16.48,17.58,16.31,16.959999999999997,77253,132193140.99999999,0.0,15,16.459999999999997,0
20220221,1645372800000,17.0,17.080000000000002,16.44,16.580000000000002,35627,59097020.0,0.0,15,16.96,0
20220222,1645459200000,16.46,16.590000000000003,16.330000000000002,16.580000000000002,26973,44359665.00000001,0.0,15,16.580000000000002,0
20220223,1645545600000,16.58,16.779999999999998,16.38,16.58,25731,42560544.0,0.0,15,16.58,0
20220224,1645632000000,16.54,17.6,16.48,16.89,88064,150697545.0,0.0,15,16.580000000000002,0
20220225,1645718400000,16.89,17.15,16.7,16.98,48162,81241826.0,0.0,15,16.89,0
20220228,1645977600000,17.0,17.05,16.61,16.84,27602,46318868.99999999,0.0,15,16.98,0
20220301,1646064000000,17.15,17.799999999999997,17.06,17.549999999999997,88423,154653870.0,0.0,15,16.84,0
20220302,1646150400000,17.95,17.97,17.22,17.4,43673,75816870.0,0.0,15,17.549999999999997,0
20220303,1646236800000,17.32,17.5,17.18,17.25,30256,52311732.0,0.0,15,17.4,0
20220304,1646323200000,17.19,17.42,16.8,17.03,47884,81569588.00000001,0.0,15,17.25,0
20220307,1646582400000,17.009999999999998,17.18,16.65,16.68,43629,73579742.00000001,0.0,15,17.029999999999998,0
20220308,1646668800000,16.69,16.9,16.41,16.53,50818,84422548.0,0.0,15,16.68,0
20220309,1646755200000,16.22,16.62,15.09,15.84,76433,120607651.00000001,0.0,15,16.53,0
20220310,1646841600000,16.26,16.36,16.0,16.12,32401,52411179.0,0.0,15,15.84,0
20220311,1646928000000,16.01,16.59,15.91,16.57,66294,108720511.0,0.0,15,16.12,0
20220314,1647187200000,16.4,16.68,15.84,15.85,38913,62829274.0,0.0,15,16.57,0
20220315,1647273600000,15.71,15.850000000000001,14.96,15.0,40740,62767192.0,0.0,15,15.850000000000001,0
20220316,1647360000000,15.16,15.57,14.64,15.42,47659,71605252.00000001,0.0,15,15.0,0
20220317,1647446400000,15.620000000000001,16.32,15.16,16.1,50109,80323101.0,0.0,15,15.42,0
20220318,1647532800000,16.1,16.76,15.860000000000001,16.35,52903,86494957.0,0.0,15,16.1,0
20220321,1647792000000,16.080000000000002,16.62,16.07,16.54,53312,87171731.0,0.0,15,16.35,0
20220322,1647878400000,16.52,16.669999999999998,16.18,16.32,30781,50383000.0,0.0,15,16.54,0
20220323,1647964800000,16.32,16.5,16.06,16.38,18457,30073679.0,0.0,15,16.32,0
20220324,1648051200000,16.21,16.330000000000002,16.05,16.18,18290,29583444.0,0.0,15,16.38,0
20220325,1648137600000,16.19,16.950000000000003,16.12,16.720000000000002,59912,99873777.0,0.0,15,16.18,0
20220328,1648396800000,16.82,16.95,16.38,16.81,47191,78576769.0,0.0,15,16.72,0
20220329,1648483200000,16.96,17.16,16.5,16.91,57528,96965497.99999999,0.0,15,16.81,0
20220330,1648569600000,17.05,17.72,16.82,17.64,84239,146279207.0,0.0,15,16.91,0
20220331,1648656000000,17.76,17.96,17.32,17.61,74617,131419426.0,0.0,15,17.64,0
20220401,1648742400000,17.55,17.73,17.35,17.68,48695,85605715.0,0.0,15,17.610000000000003,0
20220406,1649174400000,17.49,17.72,17.04,17.45,75186,130470130.0,0.0,15,17.68,0
20220407,1649260800000,17.240000000000002,17.400000000000002,16.73,16.900000000000002,69864,118785825.0,0.0,15,17.45,0
20220408,1649347200000,17.0,17.060000000000002,16.3,16.45,100352,165802271.0,0.0,15,16.900000000000002,0
20220411,1649606400000,16.27,16.6,15.58,15.91,89967,144025507.00000003,0.0,15,16.45,0
20220412,1649692800000,15.780000000000001,16.150000000000002,15.64,15.950000000000001,53377,84851145.0,0.0,15,15.91,0
20220413,1649779200000,15.91,15.959999999999999,15.34,15.6,47543,74404503.00000001,0.0,15,15.95,0
20220414,1649865600000,15.72,16.150000000000002,15.55,15.700000000000001,56316,89238104.0,0.0,15,15.600000000000001,0
20220415,1649952000000,15.66,15.780000000000001,15.15,15.33,71380,109636443.00000001,0.0,15,15.700000000000001,0
20220418,1650211200000,15.33,15.879999999999999,15.17,15.62,62954,97583218.0,0.0,15,15.33,0
20220419,1650297600000,15.64,15.930000000000001,15.38,15.58,71131,110889685.0,0.0,15,15.620000000000001,0
20220420,1650384000000,15.44,16.28,15.4,16.07,61415,98272878.0,0.0,15,15.58,0
20220421,1650470400000,16.04,16.38,15.57,15.620000000000001,63713,101869738.0,0.0,15,16.07,0
20220422,1650556800000,15.6,15.780000000000001,15.15,15.370000000000001,57489,88229780.0,0.0,15,15.620000000000001,0
20220425,1650816000000,15.200000000000001,15.22,13.9,13.950000000000001,72251,104638742.0,0.0,15,15.370000000000001,0
20220426,1650902400000,14.2,15.08,14.19,14.67,83206,122246258.0,0.0,15,13.95,0
20220427,1650988800000,14.43,14.98,13.82,14.88,91969,133016001.0,0.0,15,14.67,0
20220428,1651075200000,14.79,15.0,14.11,14.6,70023,101358164.0,0.0,15,14.879999999999999,0
20220429,1651161600000,14.700000000000001,15.74,14.57,15.52,88632,135654619.0,0.0,15,14.6,0
20220505,1651680000000,15.6,16.88,15.42,16.7,76024,124915785.0,0.0,15,15.52,0
20220506,1651766400000,16.400000000000002,16.78,16.17,16.560000000000002,37767,62293078.00000001,0.0,15,16.700000000000003,0
20220509,1652025600000,16.400000000000002,16.68,16.23,16.650000000000002,35893,59224336.0,0.0,15,16.56,0
20220510,1652112000000,16.509999999999998,17.11,16.4,16.74,46178,77103960.00000001,0.0,15,16.65,0
20220511,1652198400000,16.74,16.96,16.45,16.57,42000,70102559.0,0.0,15,16.74,0
20220512,1652284800000,16.49,16.97,16.25,16.73,37526,62060951.99999999,0.0,15,16.57,0
20220513,1652371200000,16.740000000000002,16.76,16.28,16.66,50324,82973522.00000001,0.0,15,16.73,0
20220516,1652630400000,16.74,17.07,16.61,16.8,47955,80838141.0,0.0,15,16.66,0
20220517,1652716800000,16.599999999999998,16.77,16.2,16.349999999999998,43374,70897026.0,0.0,15,16.8,0
20220518,1652803200000,16.35,16.6,15.99,16.22,38631,62764167.0,0.0,15,16.35,0
20220519,1652889600000,16.11,16.39,15.91,16.14,35253,56818925.00000001,0.0,15,16.22,0
20220520,1652976000000,16.19,16.38,16.07,16.14,35533,57615318.0,0.0,15,16.14,0
20220523,1653235200000,16.29,16.43,16.04,16.38,33492,54554476.0,0.0,15,16.14,0
20220524,1653321600000,16.34,16.45,15.74,15.8,35593,57017299.0,0.0,15,16.38,0
20220525,1653408000000,15.82,16.17,15.8,16.060000000000002,30263,48308574.99999999,0.0,15,15.8,0
20220526,1653494400000,16.07,16.200000000000003,15.700000000000001,15.950000000000001,25064,39854367.00000001,0.0,15,16.060000000000002,0
20220527,1653580800000,16.04,16.3,15.68,15.92,31129,49873767.0,0.0,15,15.95,0
20220530,1653840000000,15.860000000000001,16.23,15.71,16.07,33384,53449006.00000001,0.0,15,15.920000000000002,0
20220531,1653926400000,16.02,16.23,15.76,16.13,31656,50899205.0,0.0,15,16.07,0
20220601,1654012800000,16.13,16.18,15.8,16.02,28767,45913320.0,0.0,15,16.0,0
20220602,1654099200000,15.95,16.05,15.75,16.0,31816,50666066.0,0.0,15,16.02,0
20220606,1654444800000,16.1,16.38,15.8,16.27,44725,72111248.0,0.0,15,16.0,0
20220607,1654531200000,16.27,16.4,16.0,16.16,26788,43237288.0,0.0,15,16.27,0
20220608,1654617600000,16.16,16.57,16.0,16.41,50462,82547623.0,0.0,15,16.16,0
20220609,1654704000000,16.45,16.55,15.9,15.94,42112,67767717.0,0.0,15,16.41,0
20220610,1654790400000,15.96,16.44,15.9,16.35,51033,82916465.0,0.0,15,15.94,0
20220613,1655049600000,16.419999999999998,16.54,16.11,16.33,31518,51253532.0,0.0,15,16.349999999999998,0
20220614,1655136000000,16.18,16.46,16.04,16.41,30975,50477434.0,0.0,15,16.33,0
20220615,1655222400000,16.49,16.52,16.22,16.31,34992,57339821.00000001,0.0,15,16.41,0
20220616,1655308800000,16.3,16.650000000000002,16.26,16.520000000000003,49098,81185477.0,0.0,15,16.310000000000002,0
20220617,1655395200000,16.52,16.52,16.12,16.41,38377,62704695.0,0.0,15,16.52,0
20220620,1655654400000,16.580000000000002,16.66,16.28,16.5,39815,65509988.00000001,0.0,15,16.41,0
20220621,1655740800000,16.51,16.6,16.12,16.27,39968,65134837.0,0.0,15,16.5,0
20220622,1655827200000,16.25,16.34,15.74,15.870000000000001,32774,52598920.0,0.0,15,16.27,0
20220623,1655913600000,15.990000000000002,15.990000000000002,15.450000000000001,15.750000000000002,40826,64041747.0,0.0,15,15.870000000000001,0
20220624,1656000000000,15.8,15.88,15.530000000000001,15.690000000000001,49226,77189466.0,0.0,15,15.750000000000002,0
20220627,1656259200000,15.790000000000001,16.02,15.56,16.0,48576,77008621.0,0.0,15,15.690000000000001,0
20220628,1656345600000,16.0,16.09,15.76,15.84,45508,72363732.99999999,0.0,15,16.0,0
20220629,1656432000000,15.83,15.98,15.51,15.54,39929,62735891.00000001,0.0,15,15.84,0
20220630,1656518400000,15.61,15.67,15.25,15.57,48822,75439133.0,0.0,15,15.54,0
20220701,1656604800000,15.65,16.12,15.450000000000001,16.060000000000002,53970,85936297.0,0.0,15,15.57,0
20220704,1656864000000,16.0,17.53,15.92,17.46,124006,209437952.99999997,0.0,15,16.06,0
20220705,1656950400000,17.5,17.51,16.66,17.03,107198,182631725.0,0.0,15,17.46,0
20220706,1657036800000,17.03,17.05,16.46,16.6,55311,92362595.0,0.0,15,17.03,0
20220707,1657123200000,16.69,16.7,16.23,16.5,52377,85982682.0,0.0,15,16.6,0
20220708,1657209600000,16.48,16.69,15.98,16.02,49919,81077397.0,0.0,15,16.5,0
20220711,1657468800000,16.05,16.3,15.66,15.88,55897,89231636.0,0.0,15,16.02,0
20220712,1657555200000,16.08,16.14,15.51,15.549999999999999,49364,77465715.0,0.0,15,15.879999999999999,0
20220713,1657641600000,15.65,15.75,15.3,15.430000000000001,37901,58796312.99999999,0.0,15,15.55,0
20220714,1657728000000,15.5,15.709999999999999,15.34,15.55,32028,49692420.0,0.0,15,15.43,0
20220715,1657814400000,15.430000000000001,15.620000000000001,14.96,15.05,60738,92419273.99999999,0.0,15,15.55,0
20220718,1658073600000,15.100000000000001,15.280000000000001,14.870000000000001,15.07,39303,59118572.00000001,0.0,15,15.05,0
20220719,1658160000000,15.09,15.33,14.92,15.05,42353,63912495.00000001,0.0,15,15.07,0
20220720,1658246400000,15.06,15.350000000000001,15.05,15.34,33500,51143542.0,0.0,15,15.05,0
20220721,1658332800000,15.299999999999999,15.389999999999999,15.1,15.209999999999999,28140,42838272.0,0.0,15,15.34,0
20220722,1658419200000,15.32,15.52,15.17,15.3,41132,63009996.0,0.0,15,15.209999999999999,0
20220725,1658678400000,15.200000000000001,15.270000000000001,14.870000000000001,14.930000000000001,42603,63984675.00000001,0.0,15,15.3,0
20220726,1658764800000,15.0,15.200000000000001,14.8,14.950000000000001,28360,42477409.00000001,0.0,15,14.930000000000001,0
20220727,1658851200000,14.940000000000001,15.020000000000001,14.72,14.82,37501,55534471.99999999,0.0,15,14.950000000000001,0
20220728,1658937600000,14.780000000000001,14.89,14.700000000000001,14.72,37758,55827984.99999999,0.0,15,14.82,0
20220729,1659024000000,14.75,14.86,14.58,14.69,36812,54218435.0,0.0,15,14.72,0
20220801,1659283200000,14.62,14.79,14.36,14.44,53654,77875446.99999999,0.0,15,14.69,0
20220802,1659369600000,14.37,14.44,13.76,13.85,73964,103386344.0,0.0,15,14.44,0
20220803,1659456000000,13.8,14.08,13.790000000000001,13.860000000000001,35939,50111453.0,0.0,15,13.850000000000001,0
20220804,1659542400000,14.0,14.29,13.85,14.27,33096,46558302.99999999,0.0,15,13.86,0
20220805,1659628800000,14.33,14.59,14.05,14.510000000000002,35548,51016843.0,0.0,15,14.270000000000001,0
20220808,1659888000000,14.370000000000001,14.89,14.370000000000001,14.700000000000001,36544,53786193.0,0.0,15,14.510000000000002,0
20220809,1659974400000,14.690000000000001,14.8,14.56,14.690000000000001,32204,47303102.00000001,0.0,15,14.700000000000001,0
20220810,1660060800000,14.7,14.709999999999999,14.34,14.39,40298,58271825.0,0.0,15,14.69,0
20220811,1660147200000,14.5,15.22,14.42,15.14,56585,84709623.0,0.0,15,14.39,0
20220812,1660233600000,15.180000000000001,15.21,14.950000000000001,15.000000000000002,30256,45528062.0,0.0,15,15.14,0
20220815,1660492800000,15.01,15.16,14.89,15.13,33482,50387722.0,0.0,15,15.0,0
20220816,1660579200000,15.18,15.200000000000001,14.9,15.01,39329,58973622.0,0.0,15,15.13,0
20220817,1660665600000,15.18,15.18,14.81,15.1,42068,62966078.0,0.0,15,15.01,0
20220818,1660752000000,15.1,15.139999999999999,14.86,14.889999999999999,40892,61206554.0,0.0,15,15.1,0
20220819,1660838400000,14.92,15.5,14.86,15.18,63926,97214570.0,0.0,15,14.889999999999999,0
20220822,1661097600000,15.0,15.100000000000001,14.72,14.98,60583,90260020.00000001,0.0,15,15.180000000000001,0
20220823,1661184000000,15.18,15.76,15.11,15.58,96929,149914362.0,0.0,15,14.979999999999999,0
20220824,1661270400000,15.7,15.87,15.42,15.51,66011,103187892.0,0.0,15,15.58,0
20220825,1661356800000,15.5,15.7,15.26,15.42,52257,80565870.0,0.0,15,15.51,0
20220826,1661443200000,15.5,16.29,15.44,16.0,78504,125669247.99999999,0.0,15,15.42,0
20220829,1661702400000,15.750000000000002,16.03,15.700000000000001,15.8,55536,87894944.0,0.0,15,16.0,0
20220830,1661788800000,15.8,15.99,15.66,15.85,44117,69832709.0,0.0,15,15.8,0
20220831,1661875200000,15.77,15.97,15.66,15.75,35111,55399342.0,0.0,15,15.85,0
20220901,1661961600000,15.680000000000001,16.05,15.620000000000001,15.9,47047,74738732.0,0.0,15,15.750000000000002,0
20220902,1662048000000,15.86,16.4,15.76,16.29,56845,92111164.00000001,0.0,15,15.9,0
20220905,1662307200000,16.369999999999997,16.61,16.06,16.439999999999998,56515,92804230.0,0.0,15,16.29,0
20220906,1662393600000,16.4,16.4,16.0,16.26,52075,84389783.0,0.0,15,16.44,0
20220907,1662480000000,16.330000000000002,16.610000000000003,16.17,16.490000000000002,42225,69399487.0,0.0,15,16.26,0
20220908,1662566400000,16.41,16.74,16.36,16.47,33322,55178430.0,0.0,15,16.49,0
20220909,1662652800000,16.560000000000002,16.560000000000002,16.240000000000002,16.3,37946,62147842.0,0.0,15,16.470000000000002,0
20220913,1662998400000,16.3,16.400000000000002,16.17,16.3,35231,57442818.0,0.0,15,16.3,0
20220914,1663084800000,16.18,16.44,16.14,16.400000000000002,21396,34919863.0,0.0,15,16.3,0
20220915,1663171200000,16.45,16.47,15.97,16.25,39427,63875906.0,0.0,15,16.400000000000002,0
20220916,1663257600000,16.220000000000002,16.44,16.03,16.080000000000002,35851,58097187.99999999,0.0,15,16.25,0
20220919,1663516800000,15.99,16.35,15.85,16.24,34500,55757548.0,0.0,15,16.08,0
20220920,1663603200000,16.29,16.5,16.06,16.189999999999998,33388,54276694.0,0.0,15,16.24,0
20220921,1663689600000,16.200000000000003,16.400000000000002,16.03,16.27,24290,39408867.0,0.0,15,16.19,0
20220922,1663776000000,16.2,16.27,16.0,16.12,30023,48390325.00000001,0.0,15,16.27,0
20220923,1663862400000,16.19,16.19,15.56,15.57,43871,69216538.00000001,0.0,15,16.12,0
20220926,1664121600000,15.58,15.83,15.5,15.56,24625,38598703.0,0.0,15,15.57,0
20220927,1664208000000,15.750000000000002,16.05,15.530000000000001,16.01,24874,39388886.0,0.0,15,15.56,0
20220928,1664294400000,15.95,16.12,15.68,15.69,23436,37348492.0,0.0,15,16.009999999999998,0
20220929,1664380800000,15.76,16.44,15.76,16.06,41378,67033858.00000001,0.0,15,15.69,0
20220930,1664467200000,16.05,16.16,15.66,15.75,31796,50500981.99999999,0.0,15,16.06,0
20221010,1665331200000,15.98,16.08,15.08,15.15,50372,77743655.0,0.0,15,15.75,0
20221011,1665417600000,15.2,15.35,14.86,15.34,47466,71912138.00000001,0.0,15,15.149999999999999,0
20221012,1665504000000,15.36,15.66,14.99,15.66,65707,100886373.00000001,0.0,15,15.34,0
20221013,1665590400000,15.65,16.35,15.47,16.05,47366,75990771.0,0.0,15,15.66,0
20221014,1665676800000,16.080000000000002,16.55,16.080000000000002,16.310000000000002,59280,96880054.0,0.0,15,16.05,0
20221017,1665936000000,16.200000000000003,16.66,16.19,16.64,55050,91103436.0,0.0,15,16.310000000000002,0
20221018,1666022400000,16.5,16.75,16.21,16.45,46507,76487138.0,0.0,15,16.64,0
20221019,1666108800000,16.37,16.490000000000002,16.19,16.27,35506,57854824.0,0.0,15,16.450000000000003,0
20221020,1666195200000,16.12,16.35,15.96,16.07,35920,57995490.0,0.0,15,16.27,0
20221021,1666281600000,16.130000000000003,16.32,15.950000000000001,16.080000000000002,27066,43649927.0,0.0,15,16.07,0
20221024,1666540800000,16.08,16.44,15.84,15.97,43830,70834379.00000001,0.0,15,16.08,0
20221025,1666627200000,15.83,16.11,15.6,16.03,41043,65045290.0,0.0,15,15.969999999999999,0
20221026,1666713600000,16.03,16.38,15.97,16.310000000000002,37513,60842617.0,0.0,15,16.03,0
20221027,1666800000000,16.47,17.18,16.41,16.96,97907,165620015.0,0.0,15,16.31,0
20221028,1666886400000,16.95,16.98,16.36,16.58,62607,103704887.00000001,0.0,15,16.96,0
20221031,1667145600000,16.5,16.73,16.1,16.19,48208,78767620.0,0.0,15,16.580000000000002,0
20221101,1667232000000,16.26,16.5,16.0,16.46,56018,91222138.00000001,0.0,15,16.19,0
20221102,1667318400000,16.34,16.45,15.89,15.950000000000001,57651,92931367.0,0.0,15,16.46,0
20221103,1667404800000,15.95,16.259999999999998,15.51,16.22,68836,109607117.0,0.0,15,15.95,0
20221104,1667491200000,16.15,16.35,15.99,16.31,51287,83220613.0,0.0,15,16.22,0
20221107,1667750400000,16.23,16.56,16.18,16.34,42624,69666267.0,0.0,15,16.31,0
20221108,1667836800000,16.22,16.32,15.9,16.09,33508,53971414.99999999,0.0,15,16.34,0
20221109,1667923200000,16.080000000000002,16.12,15.700000000000001,16.09,44760,71262133.0,0.0,15,16.09,0
20221110,1668009600000,15.910000000000002,16.28,15.860000000000001,16.16,34466,55452041.0,0.0,15,16.09,0
20221111,1668096000000,16.32,16.39,16.02,16.02,47548,77066546.0,0.0,15,16.16,0
20221114,1668355200000,15.99,16.14,15.9,16.0,38978,62429003.0,0.0,15,16.02,0
20221115,1668441600000,15.950000000000001,16.13,15.72,15.870000000000001,54628,86451305.99999999,0.0,15,16.0,0
20221116,1668528000000,15.78,16.75,15.76,16.43,103225,169058902.0,0.0,15,15.87,0
20221117,1668614400000,16.450000000000003,16.85,16.42,16.700000000000003,50524,84097622.0,0.0,15,16.430000000000003,0
20221118,1668700800000,16.77,17.03,16.46,16.8,62368,104641772.00000001,0.0,15,16.7,0
20221121,1668960000000,16.779999999999998,17.099999999999998,16.63,16.939999999999998,52513,88882756.0,0.0,15,16.8,0
20221122,1669046400000,16.91,17.05,16.54,16.689999999999998,33594,56266901.0,0.0,15,16.939999999999998,0
20221123,1669132800000,16.66,16.740000000000002,16.17,16.380000000000003,39737,65086748.0,0.0,15,16.69,0
20221124,1669219200000,16.38,16.459999999999997,16.13,16.27,26718,43385183.0,0.0,15,16.38,0
20221125,1669305600000,16.33,16.33,15.92,16.07,38124,61203273.0,0.0,15,16.27,0
20221128,1669564800000,15.860000000000001,15.950000000000001,15.63,15.71,38867,61149412.0,0.0,15,16.07,0
20221129,1669651200000,15.72,16.2,15.72,16.080000000000002,30445,48709580.0,0.0,15,15.71,0
20221130,1669737600000,16.1,16.15,15.75,15.78,24272,38613851.0,0.0,15,16.08,0
20221201,1669824000000,15.92,16.35,15.85,16.22,58664,94439894.99999999,0.0,15,15.78,0
20221202,1669910400000,16.21,16.47,15.97,16.1,30962,50056292.0,0.0,15,16.22,0
20221205,1670169600000,16.18,16.48,16.05,16.42,50872,82848804.0,0.0,15,16.1,0
20221206,1670256000000,16.36,17.71,16.34,17.4,133576,230940417.0,0.0,15,16.419999999999998,0
20221207,1670342400000,17.45,17.72,17.32,17.63,66324,116330350.0,0.0,15,17.4,0
20221208,1670428800000,17.77,17.77,17.14,17.3,61091,106099098.99999999,0.0,15,17.63,0
20221209,1670515200000,17.25,17.4,16.88,17.38,50878,87192151.0,0.0,15,17.3,0
20221212,1670774400000,17.3,17.3,16.71,16.880000000000003,74253,125268505.99999999,0.0,15,17.380000000000003,0
20221213,1670860800000,16.900000000000002,18.330000000000002,16.76,18.14,164998,294737924.0,0.0,15,16.880000000000003,0
20221214,1670947200000,18.14,18.18,17.28,17.55,115624,203288977.0,0.0,15,18.14,0
20221215,1671033600000,17.55,17.66,17.01,17.28,57200,99014224.0,0.0,15,17.55,0
20221216,1671120000000,17.41,17.45,17.06,17.27,43259,74511931.0,0.0,15,17.279999999999998,0
20221219,1671379200000,17.279999999999998,17.5,16.97,17.279999999999998,67678,117099139.0,0.0,15,17.27,0
20221220,1671465600000,17.31,17.61,17.13,17.48,84297,146865162.0,0.0,15,17.279999999999998,0
20221221,1671552000000,17.39,17.65,17.2,17.3,54830,95374443.00000001,0.0,15,17.48,0
20221222,1671638400000,17.35,18.18,17.25,17.45,68556,121113329.00000001,0.0,15,17.3,0
20221223,1671724800000,17.24,17.31,16.77,16.97,62568,106517356.00000001,0.0,15,17.45,0
20221226,1671984000000,17.09,17.65,17.04,17.52,68886,119997857.0,0.0,15,16.97,0
20221227,1672070400000,17.48,18.060000000000002,17.14,17.900000000000002,60798,107422832.00000001,0.0,15,17.52,0
20221228,1672156800000,17.8,18.0,17.62,17.810000000000002,40523,72023482.0,0.0,15,17.900000000000002,0
20221229,1672243200000,17.68,18.07,17.53,17.96,54871,98248026.00000001,0.0,15,17.810000000000002,0
20221230,1672329600000,17.96,18.06,17.41,17.73,49183,86971077.0,0.0,15,17.96,0
20230103,1672675200000,17.73,17.82,17.47,17.64,55125,96969604.0,0.0,15,17.73,0
20230104,1672761600000,17.64,18.439999999999998,17.63,18.25,104920,190645115.0,0.0,15,17.64,0
20230105,1672848000000,18.180000000000003,18.85,18.01,18.71,81736,152131304.0,0.0,15,18.25,0
20230106,1672934400000,18.660000000000004,18.96,18.490000000000002,18.69,64146,120186143.0,0.0,15,18.71,0
20230109,1673193600000,18.779999999999998,18.99,18.47,18.81,48486,90745327.0,0.0,15,18.689999999999998,0
20230110,1673280000000,18.849999999999998,18.86,18.31,18.459999999999997,44995,83261192.0,0.0,15,18.81,0
20230111,1673366400000,18.5,18.59,18.3,18.54,27704,51161615.0,0.0,15,18.46,0
20230112,1673452800000,18.42,18.55,18.0,18.12,50733,92230374.99999999,0.0,15,18.54,0
20230113,1673539200000,18.39,18.85,18.330000000000002,18.67,58663,109333036.0,0.0,15,18.12,0
20230116,1673798400000,18.21,18.63,18.0,18.42,53175,97549523.0,0.0,15,18.67,0
20230117,1673884800000,18.43,18.439999999999998,18.13,18.18,24754,45193771.99999999,0.0,15,18.419999999999998,0
20230118,1673971200000,18.240000000000002,18.340000000000003,18.080000000000002,18.250000000000004,19848,36140545.00000001,0.0,15,18.180000000000003,0
20230119,1674057600000,18.169999999999998,18.349999999999998,18.06,18.259999999999998,14424,26282049.0,0.0,15,18.25,0
20230120,1674144000000,18.26,18.92,18.19,18.76,37178,69373547.00000001,0.0,15,18.26,0
20230130,1675008000000,18.89,18.98,18.54,18.71,25510,47582575.0,0.0,15,18.759999999999998,0
20230131,1675094400000,18.71,18.89,18.5,18.53,25642,47760619.0,0.0,15,18.71,0
20230201,1675180800000,18.599999999999998,19.2,18.45,19.09,42891,81054716.0,0.0,15,18.529999999999998,0
20230202,1675267200000,19.07,19.36,18.95,19.0,26326,50365459.0,0.0,15,19.09,0
20230203,1675353600000,19.040000000000003,19.07,18.67,18.810000000000002,24754,46551063.99999999,0.0,15,19.0,0
20230206,1675612800000,18.779999999999998,18.96,18.45,18.64,26136,48783172.0,0.0,15,18.81,0
20230207,1675699200000,18.64,18.72,17.56,17.759999999999998,86957,156018809.0,0.0,15,18.64,0
20230208,1675785600000,17.8,18.18,17.66,17.97,47917,86166667.0,0.0,15,17.76,0
20230209,1675872000000,17.91,18.060000000000002,17.71,17.98,38700,69108617.0,0.0,15,17.970000000000002,0
20230210,1675958400000,17.98,18.28,17.98,18.240000000000002,31045,56418974.0,0.0,15,17.98,0
20230213,1676217600000,18.22,18.38,18.07,18.19,33229,60555778.0,0.0,15,18.240000000000002,0
20230214,1676304000000,18.29,18.29,18.0,18.13,23568,42745308.0,0.0,15,18.19,0
20230215,1676390400000,18.23,18.26,17.89,18.16,27591,50006192.0,0.0,15,18.13,0
20230216,1676476800000,18.16,18.2,17.56,17.7,30684,54933095.0,0.0,15,18.16,0
20230217,1676563200000,17.59,18.06,17.59,17.86,24652,44163788.00000001,0.0,15,17.7,0
20230220,1676822400000,17.82,18.23,17.72,18.189999999999998,24138,43589796.0,0.0,15,17.86,0
20230221,1676908800000,18.14,18.380000000000003,17.900000000000002,18.110000000000003,25816,46852474.00000001,0.0,15,18.19,0
20230222,1676995200000,18.13,18.39,17.95,18.16,29300,53324546.0,0.0,15,18.11,0
20230223,1677081600000,18.21,18.47,18.11,18.24,32197,58857685.0,0.0,15,18.16,0
20230224,1677168000000,18.3,18.3,18.01,18.17,21548,39051426.00000001,0.0,15,18.240000000000002,0
20230227,1677427200000,18.15,18.21,17.95,17.98,29938,54033365.0,0.0,15,18.169999999999998,0
20230228,1677513600000,18.0,18.24,17.91,18.07,29971,54189994.0,0.0,15,17.98,0
20230301,1677600000000,18.18,18.32,18.03,18.32,28568,51933590.0,0.0,15,18.07,0
20230302,1677686400000,18.38,18.38,18.09,18.31,31343,57092107.0,0.0,15,18.32,0
20230303,1677772800000,18.36,18.37,17.82,18.01,31259,56272329.00000001,0.0,15,18.31,0
20230306,1678032000000,18.0,18.099999999999998,17.86,17.95,22132,39761491.0,0.0,15,18.009999999999998,0
20230307,1678118400000,17.98,17.98,17.39,17.39,40745,71560924.0,0.0,15,17.95,0
20230308,1678204800000,17.36,17.419999999999998,17.2,17.4,16367,28344578.000000004,0.0,15,17.39,0
20230309,1678291200000,17.37,17.43,17.19,17.26,27312,47237373.0,0.0,15,17.400000000000002,0
20230310,1678377600000,17.12,17.29,16.98,17.080000000000002,22480,38376972.00000001,0.0,15,17.26,0
20230313,1678636800000,17.0,17.44,16.98,17.37,23494,40336172.0,0.0,15,17.080000000000002,0
20230314,1678723200000,17.41,17.46,17.080000000000002,17.130000000000003,16060,27721581.0,0.0,15,17.37,0
20230315,1678809600000,17.18,17.33,17.06,17.06,18526,31820079.0,0.0,15,17.13,0
20230316,1678896000000,17.0,17.130000000000003,16.85,16.91,17270,29272573.000000004,0.0,15,17.060000000000002,0
20230317,1678982400000,17.02,17.11,16.73,16.75,17460,29471807.999999996,0.0,15,16.91,0
20230320,1679241600000,16.75,16.84,16.5,16.63,24620,40931205.00000001,0.0,15,16.75,0
20230321,1679328000000,16.72,17.06,16.57,17.03,20914,35275541.00000001,0.0,15,16.63,0
20230322,1679414400000,17.029999999999998,17.099999999999998,16.88,16.99,23425,39753037.0,0.0,15,17.029999999999998,0
20230323,1679500800000,16.91,17.1,16.87,16.91,21492,36401340.0,0.0,15,16.990000000000002,0
20230324,1679587200000,16.95,17.38,16.9,17.32,36809,63319370.00000001,0.0,15,16.91,0
20230327,1679846400000,17.320000000000004,17.830000000000002,17.150000000000002,17.660000000000004,49586,87288764.00000001,0.0,15,17.320000000000004,0
20230328,1679932800000,18.3,19.07,18.27,18.759999999999998,148083,276350995.0,0.0,15,17.66,0
20230329,1680019200000,18.74,18.799999999999997,18.31,18.43,49684,92020595.00000001,0.0,15,18.759999999999998,0
20230330,1680105600000,18.369999999999997,18.71,18.29,18.419999999999998,25260,46530194.0,0.0,15,18.43,0
20230331,1680192000000,18.55,18.75,18.36,18.45,33777,62516565.0,0.0,15,18.419999999999998,0
20230403,1680451200000,18.46,18.650000000000002,17.8,18.02,64299,116067283.0,0.0,15,18.45,0
20230404,1680537600000,18.1,18.400000000000002,18.01,18.14,54541,99000669.99999999,0.0,15,18.020000000000003,0
20230406,1680710400000,18.200000000000003,18.220000000000002,17.990000000000002,18.160000000000004,32014,57923542.0,0.0,15,18.14,0
20230407,1680796800000,18.15,18.56,18.09,18.5,42625,78363997.0,0.0,15,18.16,0
20230410,1681056000000,18.5,18.65,18.06,18.169999999999998,30077,55003256.0,0.0,15,18.5,0
20230411,1681142400000,18.2,18.34,17.79,17.99,35650,64187342.0,0.0,15,18.169999999999998,0
20230412,1681228800000,18.070000000000004,18.070000000000004,17.650000000000002,17.740000000000002,52418,93185937.00000001,0.0,15,17.990000000000002,0
20230413,1681315200000,17.72,17.75,17.48,17.51,34961,61474535.0,0.0,15,17.740000000000002,0
20230414,1681401600000,17.59,17.66,17.22,17.279999999999998,32690,56849115.00000001,0.0,15,17.509999999999998,0
20230417,1681660800000,17.36,17.91,17.36,17.849999999999998,49974,88592318.0,0.0,15,17.28,0
20230418,1681747200000,17.78,18.240000000000002,17.6,18.060000000000002,38166,68672301.00000001,0.0,15,17.85,0
20230419,1681833600000,18.1,18.240000000000002,17.85,18.21,31111,56261250.00000001,0.0,15,18.060000000000002,0
20230420,1681920000000,18.2,18.2,17.95,18.08,24127,43550426.0,0.0,15,18.21,0
20230421,1682006400000,18.1,18.6,18.01,18.39,55760,102585978.0,0.0,15,18.080000000000002,0
20230424,1682265600000,18.39,18.45,18.02,18.27,38990,70880227.0,0.0,15,18.39,0
20230425,1682352000000,18.259999999999998,18.529999999999998,18.13,18.439999999999998,39830,73077551.0,0.0,15,18.27,0
20230426,1682438400000,18.27,18.34,18.04,18.09,39115,71071557.00000001,0.0,15,18.439999999999998,0
20230427,1682524800000,18.150000000000002,18.580000000000002,18.01,18.330000000000002,48247,88485856.0,0.0,15,18.09,0
20230428,1682611200000,18.380000000000003,18.5,18.21,18.45,31257,57551063.0,0.0,15,18.330000000000002,0
20230504,1683129600000,18.36,18.93,18.36,18.599999999999998,38762,72425083.0,0.0,15,18.45,0
20230505,1683216000000,18.599999999999998,18.599999999999998,18.11,18.46,37302,68328063.0,0.0,15,18.599999999999998,0
20230508,1683475200000,18.4,18.7,17.86,18.06,48611,87967029.00000001,0.0,15,18.46,0
20230509,1683561600000,18.1,18.28,17.87,18.05,28095,50826431.0,0.0,15,18.060000000000002,0
20230510,1683648000000,18.05,18.65,18.0,18.15,41021,75069211.0,0.0,15,18.05,0
20230511,1683734400000,18.17,18.26,17.85,18.12,27347,49299538.00000001,0.0,15,18.150000000000002,0
20230512,1683820800000,18.04,18.75,18.0,18.02,50470,92849879.0,0.0,15,18.12,0
20230515,1684080000000,18.03,18.14,17.6,18.05,33004,58963403.0,0.0,15,18.020000000000003,0
20230516,1684166400000,18.06,18.15,17.81,17.82,17198,30847835.999999996,0.0,15,18.049999999999997,0
20230517,1684252800000,17.75,17.75,17.51,17.64,19742,34726644.0,0.0,15,17.66,0
20230518,1684339200000,17.71,17.790000000000003,17.53,17.67,15779,27829969.999999996,0.0,15,17.64,0
20230519,1684425600000,17.700000000000003,18.57,17.6,18.42,44759,81634505.00000001,0.0,15,17.67,0
20230522,1684684800000,18.45,18.69,18.23,18.56,32133,59534219.99999999,0.0,15,18.42,0
20230523,1684771200000,18.68,18.68,18.39,18.43,20584,38107613.0,0.0,15,18.560000000000002,0
20230524,1684857600000,18.46,18.46,18.1,18.3,22573,41283327.0,0.0,15,18.43,0
20230525,1684944000000,18.52,18.52,18.12,18.36,35929,66002607.00000001,0.0,15,18.3,0
20230526,1685030400000,18.39,18.65,18.25,18.61,28453,52611564.00000001,0.0,15,18.36,0
20230529,1685289600000,18.619999999999997,18.68,18.22,18.25,24969,45878121.0,0.0,15,18.61,0
20230530,1685376000000,18.3,18.450000000000003,18.150000000000002,18.21,19975,36473651.0,0.0,15,18.250000000000004,0
20230531,1685462400000,18.290000000000003,18.55,18.080000000000002,18.1,25748,47076568.0,0.0,15,18.21,0
20230601,1685548800000,18.11,18.17,17.5,17.51,68400,121724133.0,0.0,15,18.1,0
20230602,1685635200000,17.57,17.68,17.38,17.39,30490,53458301.00000001,0.0,15,17.509999999999998,0
20230605,1685894400000,17.450000000000003,17.610000000000003,17.330000000000002,17.46,21581,37685047.0,0.0,15,17.39,0
20230606,1685980800000,17.380000000000003,17.490000000000002,17.01,17.080000000000002,27854,48020615.00000001,0.0,15,17.46,0
20230607,1686067200000,17.13,17.26,17.0,17.15,18866,32346746.0,0.0,15,17.08,0
20230608,1686153600000,17.21,17.56,17.16,17.29,22824,39607539.0,0.0,15,17.15,0
20230609,1686240000000,17.21,17.6,17.01,17.360000000000003,47299,82000620.0,0.0,15,17.290000000000003,0
20230612,1686499200000,17.310000000000002,17.44,17.080000000000002,17.380000000000003,25637,44277490.0,0.0,15,17.360000000000003,0
20230613,1686585600000,17.41,17.48,17.11,17.25,18369,31667928.0,0.0,15,17.38,0
20230614,1686672000000,17.3,17.750000000000004,17.150000000000002,17.67,36480,64218255.0,0.0,15,17.250000000000004,0
20230615,1686758400000,17.63,17.759999999999998,17.47,17.709999999999997,18262,32198172.0,0.0,15,17.669999999999998,0
20230616,1686844800000,17.82,18.28,17.64,18.12,38454,69331980.0,0.0,15,17.71,0
20230619,1687104000000,18.150000000000002,18.18,17.78,17.85,21535,38613166.0,0.0,15,18.12,0
20230620,1687190400000,18.05,18.060000000000002,17.62,17.64,19311,34243304.0,0.0,15,17.85,0
20230621,1687276800000,17.61,17.76,17.5,17.51,17632,31023010.0,0.0,15,17.64,0
20230626,1687708800000,17.51,17.630000000000003,17.26,17.32,19159,33349042.0,0.0,15,17.51,0
20230627,1687795200000,17.490000000000002,17.75,17.32,17.63,18719,32945599.0,0.0,15,17.32,0
20230628,1687881600000,17.69,17.69,17.44,17.51,12807,22457840.999999996,0.0,15,17.630000000000003,0
20230629,1687968000000,17.48,17.560000000000002,17.21,17.28,25242,43723499.0,0.0,15,17.51,0
20230630,1688054400000,18.01,18.19,17.650000000000002,17.900000000000002,89936,161471378.0,0.0,15,17.28,0
20230703,1688313600000,17.68,17.98,17.3,17.64,71318,125136763.00000001,0.0,15,17.900000000000002,0
20230704,1688400000000,17.59,17.66,17.12,17.12,63595,109919329.00000001,0.0,15,17.64,0
20230705,1688486400000,17.16,17.22,16.95,16.98,29367,50132326.0,0.0,15,17.12,0
20230706,1688572800000,16.95,17.1,16.84,16.95,21777,36972038.0,0.0,15,16.98,0
20230707,1688659200000,16.98,17.11,16.79,17.029999999999998,20686,35147852.0,0.0,15,16.95,0
20230710,1688918400000,17.03,17.09,16.87,16.93,15184,25767177.0,0.0,15,17.03,0
20230711,1689004800000,16.99,17.0,16.61,16.7,34236,57237877.0,0.0,15,16.93,0
20230712,1689091200000,16.700000000000003,16.76,16.490000000000002,16.51,29437,48776486.0,0.0,15,16.700000000000003,0
20230713,1689177600000,16.58,16.74,16.47,16.689999999999998,30485,50617276.00000001,0.0,15,16.509999999999998,0
20230714,1689264000000,16.700000000000003,16.830000000000002,16.17,16.25,51636,84700392.00000001,0.0,15,16.69,0
20230717,1689523200000,16.25,16.740000000000002,16.01,16.69,44328,73209029.0,0.0,15,16.25,0
20230718,1689609600000,16.65,16.7,16.47,16.549999999999997,21988,36431760.0,0.0,15,16.689999999999998,0
20230719,1689696000000,16.479999999999997,16.7,16.4,16.56,11816,19542630.0,0.0,15,16.549999999999997,0
20230720,1689782400000,16.560000000000002,16.78,16.53,16.6,19442,32423112.000000004,0.0,15,16.560000000000002,0
20230721,1689868800000,16.540000000000003,16.76,16.53,16.67,12160,20261574.0,0.0,15,16.6,0
20230724,1690128000000,16.6,16.950000000000003,16.6,16.700000000000003,18670,31250057.000000004,0.0,15,16.67,0
20230725,1690214400000,16.8,16.950000000000003,16.67,16.880000000000003,18369,30926681.0,0.0,15,16.700000000000003,0
20230726,1690300800000,16.89,17.15,16.79,16.98,17684,30079863.0,0.0,15,16.88,0
20230727,1690387200000,17.060000000000002,17.060000000000002,16.87,16.900000000000002,11831,20037142.0,0.0,15,16.98,0
20230728,1690473600000,16.83,17.07,16.81,16.97,16693,28343678.0,0.0,15,16.9,0
20230731,1690732800000,17.1,17.21,17.01,17.17,25545,43757692.00000001,0.0,15,16.970000000000002,0
20230801,1690819200000,17.16,17.26,17.05,17.12,12039,20654351.0,0.0,15,17.17,0
20230802,1690905600000,17.05,17.15,16.77,16.83,24759,41852668.0,0.0,15,17.12,0
20230803,1690992000000,16.52,16.75,16.44,16.55,43803,72607629.00000001,0.0,15,16.830000000000002,0
20230804,1691078400000,16.51,16.64,15.540000000000001,15.73,137002,217079322.0,0.0,15,16.55,0
20230807,1691337600000,15.72,15.9,15.620000000000001,15.71,52305,82401783.0,0.0,15,15.73,0
20230808,1691424000000,15.76,15.799999999999999,15.6,15.75,29994,47169207.0,0.0,15,15.709999999999999,0
20230809,1691510400000,15.770000000000001,15.84,15.64,15.770000000000001,21807,34277581.99999999,0.0,15,15.75,0
20230810,1691596800000,15.74,15.84,15.6,15.84,25497,40094172.0,0.0,15,15.77,0
20230811,1691683200000,15.84,16.05,15.76,15.85,37327,59337725.99999999,0.0,15,15.84,0
20230814,1691942400000,15.600000000000001,16.07,15.47,15.81,51129,80562597.0,0.0,15,15.850000000000001,0
20230815,1692028800000,15.81,16.060000000000002,15.790000000000001,15.920000000000002,54854,87377133.0,0.0,15,15.81,0
20230816,1692115200000,15.92,15.92,15.72,15.81,19736,31181381.0,0.0,15,15.92,0
20230817,1692201600000,15.790000000000001,15.99,15.65,15.94,19025,30102260.0,0.0,15,15.81,0
20230818,1692288000000,15.940000000000001,16.09,15.860000000000001,15.860000000000001,31400,50178541.0,0.0,15,15.940000000000001,0
20230821,1692547200000,15.86,15.98,15.43,15.44,23710,37045737.0,0.0,15,15.86,0
20230822,1692633600000,15.55,15.58,15.23,15.4,24477,37602022.00000001,0.0,15,15.440000000000001,0
20230823,1692720000000,15.35,15.549999999999999,15.18,15.28,18092,27784937.0,0.0,15,15.4,0
20230824,1692806400000,15.34,15.54,15.19,15.49,17010,26203945.0,0.0,15,15.28,0
20230825,1692892800000,15.620000000000001,15.65,15.280000000000001,15.330000000000002,11536,17803803.0,0.0,15,15.490000000000002,0
20230828,1693152000000,15.99,16.17,15.22,15.290000000000001,32653,51270561.00000001,0.0,15,15.33,0
20230829,1693238400000,15.299999999999999,15.65,15.18,15.58,24736,38188803.0,0.0,15,15.29,0
20230830,1693324800000,15.64,15.92,15.58,15.8,20542,32441852.000000004,0.0,15,15.58,0
20230831,1693411200000,15.8,15.88,15.66,15.790000000000001,19501,30769579.999999996,0.0,15,15.8,0
20230901,1693497600000,15.76,15.96,15.72,15.790000000000001,26461,41786522.00000001,0.0,15,15.790000000000001,0
20230904,1693756800000,15.780000000000001,15.8,15.55,15.8,35119,55053084.0,0.0,15,15.790000000000001,0
20230905,1693843200000,15.74,15.95,15.69,15.76,31355,49420203.0,0.0,15,15.799999999999999,0
20230906,1693929600000,15.8,15.8,15.55,15.63,26356,41289015.0,0.0,15,15.760000000000002,0
20230907,1694016000000,15.600000000000001,15.63,15.21,15.280000000000001,35891,55197093.0,0.0,15,15.63,0
20230908,1694102400000,15.200000000000001,15.22,14.74,14.86,53690,80234496.0,0.0,15,15.280000000000001,0
20230911,1694361600000,14.860000000000001,14.860000000000001,14.48,14.56,74409,108467888.00000001,0.0,15,14.860000000000001,0
20230912,1694448000000,14.73,15.33,14.58,15.01,61964,92954965.0,0.0,15,14.56,0
20230913,1694534400000,14.87,14.969999999999999,14.68,14.799999999999999,30561,45196417.0,0.0,15,15.01,0
20230914,1694620800000,14.74,14.8,14.5,14.59,24450,35658040.0,0.0,15,14.8,0
20230915,1694707200000,14.590000000000002,14.780000000000001,14.540000000000001,14.65,18804,27538401.0,0.0,15,14.590000000000002,0
20230918,1694966400000,14.629999999999999,14.82,14.44,14.809999999999999,26154,38344055.0,0.0,15,14.65,0
20230919,1695052800000,14.74,14.81,14.58,14.7,27090,39826658.0,0.0,15,14.81,0
20230920,1695139200000,14.65,14.98,14.65,14.88,26007,38665408.0,0.0,15,14.700000000000001,0
20230921,1695225600000,14.84,14.84,14.59,14.629999999999999,19564,28729091.000000004,0.0,15,14.879999999999999,0
20230922,1695312000000,14.56,14.9,14.55,14.9,17021,25098423.0,0.0,15,14.63,0
20230925,1695571200000,14.81,15.020000000000001,14.81,14.98,26837,40080327.0,0.0,15,14.9,0
20230926,1695657600000,14.889999999999999,15.049999999999999,14.85,14.87,16301,24354110.999999996,0.0,15,14.98,0
20230927,1695744000000,14.870000000000001,15.030000000000001,14.81,14.950000000000001,22198,33129389.0,0.0,15,14.870000000000001,0
20230928,1695830400000,14.99,15.07,14.92,15.0,18220,27321296.000000004,0.0,15,14.95,0
20231009,1696780800000,15.07,15.07,14.530000000000001,14.740000000000002,31296,46000806.99999999,0.0,15,15.000000000000002,0
20231010,1696867200000,14.73,14.870000000000001,14.66,14.75,19706,29085277.0,0.0,15,14.74,0
20231011,1696953600000,14.73,14.73,14.25,14.32,63787,92232632.0,0.0,15,14.75,0
20231012,1697040000000,14.34,14.450000000000001,14.06,14.190000000000001,47588,67586936.0,0.0,15,14.32,0
20231013,1697126400000,14.160000000000002,14.24,13.950000000000001,14.000000000000002,27306,38367424.0,0.0,15,14.190000000000001,0
20231016,1697385600000,14.06,14.110000000000001,13.89,14.0,24134,33808621.0,0.0,15,14.0,0
20231017,1697472000000,13.930000000000001,13.990000000000002,13.780000000000001,13.940000000000001,21313,29569552.0,0.0,15,14.000000000000002,0
20231018,1697558400000,13.9,13.91,13.65,13.65,21173,29075938.000000004,0.0,15,13.94,0
20231019,1697644800000,13.74,13.870000000000001,13.56,13.66,30234,41455510.00000001,0.0,15,13.65,0
20231020,1697731200000,13.629999999999999,13.719999999999999,13.44,13.479999999999999,21287,28855209.0,0.0,15,13.66,0
20231023,1697990400000,13.51,13.51,13.14,13.25,32654,43423129.0,0.0,15,13.48,0
20231024,1698076800000,13.23,13.41,12.91,13.36,67909,89289662.0,0.0,15,13.25,0
20231025,1698163200000,13.52,13.63,13.24,13.42,47018,63171628.0,0.0,15,13.36,0
20231026,1698249600000,13.379999999999999,13.389999999999999,13.1,13.19,38130,50391363.0,0.0,15,13.42,0
20231027,1698336000000,13.190000000000001,13.590000000000002,13.120000000000001,13.510000000000002,52750,70915038.0,0.0,15,13.190000000000001,0
20231030,1698595200000,13.459999999999999,13.61,13.35,13.52,31110,42003641.0,0.0,15,13.51,0
20231031,1698681600000,13.55,13.690000000000001,13.39,13.520000000000001,36677,49674241.99999999,0.0,15,13.520000000000001,0
20231101,1698768000000,13.66,13.82,13.51,13.73,55974,76707258.0,0.0,15,13.52,0
20231102,1698854400000,13.82,14.02,13.74,13.81,60662,84200335.0,0.0,15,13.73,0
20231103,1698940800000,13.83,14.07,13.74,14.06,40375,56356094.0,0.0,15,13.81,0
20231106,1699200000000,14.040000000000001,14.16,13.8,14.05,51555,71843969.99999999,0.0,15,14.06,0
20231107,1699286400000,14.010000000000002,14.120000000000001,13.870000000000001,14.06,31352,43864382.0,0.0,15,14.05,0
20231108,1699372800000,14.01,14.04,13.86,13.969999999999999,30708,42838870.0,0.0,15,14.059999999999999,0
20231109,1699459200000,13.95,14.03,13.85,13.87,25092,34908985.00000001,0.0,15,13.969999999999999,0
20231110,1699545600000,13.85,13.91,13.73,13.84,23175,32015343.0,0.0,15,13.870000000000001,0
20231113,1699804800000,13.81,13.940000000000001,13.73,13.860000000000001,20496,28291382.0,0.0,15,13.84,0
20231114,1699891200000,13.81,13.89,13.74,13.82,14686,20279369.0,0.0,15,13.86,0
20231115,1699977600000,13.92,14.059999999999999,13.86,14.01,25036,34960827.00000001,0.0,15,13.82,0
20231116,1700064000000,13.959999999999999,13.98,13.76,13.77,19432,26885292.999999996,0.0,15,14.01,0
20231117,1700150400000,13.77,13.89,13.68,13.86,14052,19380807.0,0.0,15,13.77,0
20231120,1700409600000,13.860000000000001,14.020000000000001,13.81,13.99,22315,31129288.0,0.0,15,13.860000000000001,0
20231121,1700496000000,14.0,14.100000000000001,13.88,13.950000000000001,32971,46228837.99999999,0.0,15,13.99,0
20231122,1700582400000,13.91,14.03,13.86,13.87,20230,28214972.0,0.0,15,13.95,0
20231123,1700668800000,13.87,14.02,13.84,14.0,24070,33530632.000000004,0.0,15,13.87,0
20231124,1700755200000,13.95,14.17,13.94,14.01,33020,46321905.0,0.0,15,14.0,0
20231127,1701014400000,14.0,14.0,13.8,13.9,32913,45632385.0,0.0,15,14.010000000000002,0
20231128,1701100800000,13.9,13.97,13.73,13.92,22371,31028450.000000004,0.0,15,13.9,0
20231129,1701187200000,13.95,14.0,13.85,13.9,24613,34258244.0,0.0,15,13.92,0
20231130,1701273600000,13.9,13.93,13.76,13.82,19604,27118156.0,0.0,15,13.9,0
20231201,1701360000000,13.82,14.03,13.75,13.81,33554,46615685.00000001,0.0,15,13.82,0
20231204,1701619200000,13.790000000000001,13.84,13.66,13.73,21063,28987211.0,0.0,15,13.81,0
20231205,1701705600000,13.73,13.95,13.68,13.75,44940,61975430.00000001,0.0,15,13.73,0
20231206,1701792000000,13.74,13.85,13.66,13.75,29660,40823631.00000001,0.0,15,13.75,0
20231207,1701878400000,13.709999999999999,13.79,13.34,13.4,42456,57430147.0,0.0,15,13.75,0
20231208,1701964800000,13.39,13.41,12.63,12.690000000000001,112761,145338074.0,0.0,15,13.4,0
20231211,1702224000000,12.600000000000001,12.73,12.22,12.64,85535,107028578.0,0.0,15,12.690000000000001,0
20231212,1702310400000,12.66,13.22,12.64,13.110000000000001,71365,93059491.0,0.0,15,12.64,0
20231213,1702396800000,13.08,13.270000000000001,12.8,13.08,52649,68843439.0,0.0,15,13.110000000000001,0
20231214,1702483200000,13.02,13.110000000000001,12.9,12.9,24856,32278753.0,0.0,15,13.08,0
20231215,1702569600000,12.930000000000001,13.23,12.870000000000001,13.080000000000002,39374,51547070.0,0.0,15,12.9,0
20231218,1702828800000,13.120000000000001,13.120000000000001,12.700000000000001,12.73,38276,49175736.99999999,0.0,15,13.080000000000002,0
20231219,1702915200000,12.83,12.83,12.59,12.7,17458,22155034.000000004,0.0,15,12.73,0
20231220,1703001600000,12.74,12.75,12.5,12.55,14948,18869926.999999996,0.0,15,12.7,0
20231221,1703088000000,12.5,12.75,12.43,12.73,19208,24187717.0,0.0,15,12.549999999999999,0
20231222,1703174400000,12.77,13.0,12.73,12.83,33503,42974223.0,0.0,15,12.73,0
20231225,1703433600000,12.89,13.14,12.64,12.99,33516,43303340.0,0.0,15,12.83,0
20231226,1703520000000,13.04,13.09,12.75,12.8,19993,25748883.0,0.0,15,12.99,0
20231227,1703606400000,12.76,12.95,12.68,12.9,25532,32716448.0,0.0,15,12.799999999999999,0
20231228,1703692800000,12.91,13.290000000000001,12.82,13.23,29344,38522526.0,0.0,15,12.9,0
20231229,1703779200000,13.27,13.44,13.18,13.43,24611,32766427.0,0.0,15,13.23,0
20240102,1704124800000,13.44,13.49,13.24,13.33,19233,25719108.0,0.0,15,13.43,0
20240103,1704211200000,13.280000000000001,13.450000000000001,13.22,13.32,25629,34123209.00000001,0.0,15,13.33,0
20240104,1704297600000,13.33,13.34,13.02,13.09,31421,41258644.0,0.0,15,13.32,0
20240105,1704384000000,13.040000000000001,13.13,12.91,12.97,29272,38021790.0,0.0,15,13.09,0
20240108,1704643200000,12.97,12.97,12.700000000000001,12.71,16183,20696573.0,0.0,15,12.97,0
20240109,1704729600000,12.71,12.86,12.58,12.74,17735,22572258.0,0.0,15,12.71,0
20240110,1704816000000,12.74,12.78,12.52,12.7,25186,31891075.0,0.0,15,12.74,0
20240111,1704902400000,12.71,12.81,12.540000000000001,12.63,30086,38181522.0,0.0,15,12.700000000000001,0
20240112,1704988800000,12.66,12.83,12.49,12.53,30465,38514883.0,0.0,15,12.63,0
20240115,1705248000000,12.48,12.5,12.22,12.26,53101,65516089.0,0.0,15,12.530000000000001,0
20240116,1705334400000,12.260000000000002,12.33,11.8,12.13,64578,77909876.0,0.0,15,12.260000000000002,0
20240117,1705420800000,12.15,12.2,11.84,11.87,36617,43969357.0,0.0,15,12.129999999999999,0
20240118,1705507200000,11.89,11.89,11.24,11.57,61735,70849187.0,0.0,15,11.870000000000001,0
20240119,1705593600000,11.51,11.65,11.34,11.36,36004,41322146.0,0.0,15,11.57,0
20240122,1705852800000,11.379999999999999,11.399999999999999,10.61,10.74,50478,55336966.0,0.0,15,11.36,0
20240123,1705939200000,10.75,10.97,10.57,10.91,61216,66157602.99999999,0.0,15,10.74,0
20240124,1706025600000,11.0,11.14,10.64,11.110000000000001,50465,55011980.0,0.0,15,10.91,0
20240125,1706112000000,11.17,11.549999999999999,11.03,11.52,48121,54525828.0,0.0,15,11.11,0
20240126,1706198400000,11.49,11.66,11.41,11.49,29630,34216533.0,0.0,15,11.52,0
20240129,1706457600000,11.51,11.61,11.16,11.19,30307,34231079.0,0.0,15,11.49,0
20240130,1706544000000,11.110000000000001,11.18,10.81,10.860000000000001,28512,31353548.0,0.0,15,11.190000000000001,0
20240131,1706630400000,10.75,10.92,10.19,10.24,64893,67751466.0,0.0,15,10.86,0
20240201,1706716800000,10.08,10.5,10.08,10.3,46232,47569900.0,0.0,15,10.24,0
20240202,1706803200000,10.5,11.21,10.4,10.63,121522,131007433.00000001,0.0,15,10.3,0
20240205,1707062400000,10.870000000000001,11.190000000000001,10.39,10.850000000000001,131779,142107061.0,0.0,15,10.63,0
20240206,1707148800000,10.5,11.399999999999999,10.19,11.11,113411,123739591.00000001,0.0,15,10.85,0
20240207,1707235200000,11.39,11.66,11.01,11.22,121468,137780955.0,0.0,15,11.11,0
20240208,1707321600000,11.26,11.85,10.82,11.83,129631,147407436.0,0.0,15,11.22,0
20240219,1708272000000,12.08,12.08,11.65,11.790000000000001,83349,98572377.0,0.0,15,11.83,0
20240220,1708358400000,11.700000000000001,11.770000000000001,11.56,11.71,47624,55513616.0,0.0,15,11.790000000000001,0
20240221,1708444800000,11.61,12.139999999999999,11.52,11.879999999999999,69787,83177303.0,0.0,15,11.709999999999999,0
20240222,1708531200000,11.67,12.01,11.67,11.95,53641,63536789.0,0.0,15,11.88,0
20240223,1708617600000,12.0,12.0,11.71,11.920000000000002,50639,59958673.99999999,0.0,15,11.950000000000001,0
20240226,1708876800000,11.850000000000001,12.31,11.790000000000001,12.010000000000002,68464,82490360.99999999,0.0,15,11.920000000000002,0
20240227,1708963200000,11.98,12.14,11.9,12.14,39722,47902153.0,0.0,15,12.01,0
20240228,1709049600000,12.17,12.33,11.6,11.61,70265,84436436.0,0.0,15,12.14,0
20240229,1709136000000,11.58,11.9,11.5,11.9,49764,58550419.99999999,0.0,15,11.61,0
20240301,1709222400000,11.88,11.92,11.57,11.72,75408,88386660.00000001,0.0,15,11.9,0
20240304,1709481600000,11.64,11.790000000000001,11.55,11.64,57239,66594509.0,0.0,15,11.72,0
20240305,1709568000000,11.62,11.68,11.44,11.469999999999999,46887,53930690.0,0.0,15,11.639999999999999,0
20240306,1709654400000,11.42,11.65,11.26,11.49,70614,80843102.99999999,0.0,15,11.47,0
20240307,1709740800000,11.48,11.66,11.3,11.32,56534,64998964.0,0.0,15,11.49,0
20240308,1709827200000,11.31,11.38,11.15,11.25,42063,47227604.0,0.0,15,11.32,0
20240311,1710086400000,11.280000000000001,11.530000000000001,11.21,11.49,50415,57244074.00000001,0.0,15,11.25,0
20240312,1710172800000,11.450000000000001,11.68,11.39,11.66,61701,71142432.0,0.0,15,11.49,0
20240313,1710259200000,11.66,11.67,11.3,11.510000000000002,77623,88885604.00000001,0.0,15,11.66,0
20240314,1710345600000,11.46,11.58,11.25,11.34,48341,55212570.00000001,0.0,15,11.51,0
20240315,1710432000000,11.27,11.379999999999999,11.27,11.35,38450,43531152.0,0.0,15,11.34,0
20240318,1710691200000,11.34,11.5,11.25,11.49,57780,65607918.00000001,0.0,15,11.35,0
20240319,1710777600000,11.49,11.74,11.46,11.65,91769,106713460.0,0.0,15,11.49,0
20240320,1710864000000,11.56,11.82,11.5,11.78,73198,85686527.0,0.0,15,11.65,0
20240321,1710950400000,11.770000000000001,11.83,11.63,11.770000000000001,50106,58793088.0,0.0,15,11.780000000000001,0
20240322,1711036800000,11.76,11.9,11.52,11.559999999999999,73697,86129039.0,0.0,15,11.77,0
20240325,1711296000000,11.45,11.48,11.17,11.18,63629,72048271.0,0.0,15,11.56,0
20240326,1711382400000,11.18,11.48,11.16,11.38,40348,45697962.00000001,0.0,15,11.18,0
20240327,1711468800000,11.360000000000001,12.55,11.31,12.16,180250,214371920.0,0.0,15,11.38,0
20240328,1711555200000,11.88,12.200000000000001,11.700000000000001,12.080000000000002,146540,175103498.0,0.0,15,12.160000000000002,0
20240329,1711641600000,11.93,12.49,11.9,12.42,131825,161785264.0,0.0,15,12.08,0
20240401,1711900800000,12.340000000000002,12.600000000000001,12.21,12.41,108020,133891685.0,0.0,15,12.420000000000002,0
20240402,1711987200000,12.41,12.620000000000001,12.13,12.190000000000001,93759,115681614.00000001,0.0,15,12.41,0
20240403,1712073600000,12.190000000000001,12.360000000000001,12.030000000000001,12.07,80528,97905825.99999999,0.0,15,12.190000000000001,0
20240408,1712505600000,12.06,12.09,11.59,11.59,104687,123429820.00000001,0.0,15,12.07,0
20240409,1712592000000,11.52,11.67,11.01,11.57,119897,135739300.0,0.0,15,11.59,0
20240410,1712678400000,10.5,10.93,10.34,10.37,251272,266505241.00000003,0.0,15,11.57,0
20240411,1712764800000,10.3,10.46,10.05,10.14,128636,130845578.00000001,0.0,15,10.370000000000001,0
20240412,1712851200000,10.06,10.090000000000002,9.71,9.75,111984,110199085.99999999,0.0,15,10.14,0
20240415,1713110400000,9.8,9.81,9.22,9.49,114204,108445136.0,0.0,15,9.75,0
20240416,1713196800000,9.389999999999999,9.389999999999999,9.11,9.149999999999999,79160,72928668.0,0.0,15,9.49,0
20240417,1713283200000,9.250000000000002,9.580000000000002,9.200000000000001,9.57,81035,76668996.0,0.0,15,9.15,0
20240418,1713369600000,9.58,9.58,9.26,9.299999999999999,102777,96027330.0,0.0,15,9.57,0
20240419,1713456000000,9.290000000000001,9.290000000000001,9.06,9.16,74788,68395791.0,0.0,15,9.3,0
20240422,1713715200000,9.11,9.48,9.01,9.37,79597,74074707.0,0.0,15,9.16,0
20240423,1713801600000,9.379999999999999,9.379999999999999,9.18,9.2,53543,49468459.0,0.0,15,9.37,0
20240424,1713888000000,9.200000000000001,9.23,8.9,9.110000000000001,83097,75351923.0,0.0,15,9.200000000000001,0
20240425,1713974400000,9.1,9.37,9.1,9.26,65057,60231805.0,0.0,15,9.11,0
20240426,1714060800000,9.22,9.340000000000002,9.120000000000001,9.340000000000002,66055,61130604.00000001,0.0,15,9.260000000000002,0
20240429,1714320000000,9.39,9.520000000000001,9.31,9.5,101463,95810069.0,0.0,15,9.34,0
20240430,1714406400000,9.51,9.59,9.33,9.45,72750,68860030.0,0.0,15,9.5,0
20240506,1714924800000,9.51,9.77,9.51,9.77,98455,95435402.0,0.0,15,9.45,0
20240507,1715011200000,9.8,10.01,9.67,9.97,113860,112270692.00000001,0.0,15,9.77,0
20240508,1715097600000,10.0,10.190000000000001,9.89,10.09,125800,126343986.0,0.0,15,9.97,0
20240509,1715184000000,9.98,10.6,9.98,10.3,134905,139338694.0,0.0,15,10.09,0
20240510,1715270400000,10.32,10.99,10.32,10.63,207920,222118623.99999997,0.0,15,10.3,0
20240513,1715529600000,10.4,10.450000000000001,10.040000000000001,10.120000000000001,151260,154514695.00000003,0.0,15,10.63,0
20240514,1715616000000,10.010000000000002,10.33,9.96,10.020000000000001,76535,77320484.00000001,0.0,15,10.120000000000001,0
20240515,1715702400000,9.9,10.06,9.76,10.06,81656,80780099.0,0.0,15,10.02,0
20240516,1715788800000,10.049999999999999,10.049999999999999,9.86,9.86,43726,43388315.0,0.0,15,10.059999999999999,0
20240517,1715875200000,9.9,9.930000000000001,9.71,9.89,44187,43371614.0,0.0,15,9.860000000000001,0
20240520,1716134400000,9.84,9.98,9.81,9.88,42272,41800829.0,0.0,15,9.89,0
20240521,1716220800000,9.83,9.85,9.56,9.610000000000001,57909,55885447.00000001,0.0,15,9.88,0
20240522,1716307200000,9.6,9.67,9.51,9.61,36487,34986694.0,0.0,15,9.61,0
20240523,1716393600000,9.55,9.63,9.38,9.450000000000001,43700,41313057.0,0.0,15,9.610000000000001,0
20240524,1716480000000,9.459999999999999,9.6,9.43,9.44,30478,29004908.0,0.0,15,9.45,0
20240527,1716739200000,9.440000000000001,9.56,9.200000000000001,9.370000000000001,43428,40443907.00000001,0.0,15,9.440000000000001,0
20240528,1716825600000,9.33,9.360000000000001,9.22,9.31,23518,21823166.000000004,0.0,15,9.370000000000001,0
20240529,1716912000000,9.319999999999999,9.42,9.28,9.309999999999999,26169,24447654.0,0.0,15,9.309999999999999,0
20240530,1716998400000,9.299999999999999,9.33,9.02,9.049999999999999,60901,55678212.0,0.0,15,9.309999999999999,0
20240531,1717084800000,9.08,9.12,8.93,8.959999999999999,76274,68851544.0,0.0,15,9.049999999999999,0
20240603,1717344000000,8.98,8.99,8.49,8.51,137185,118004253.00000001,0.0,15,8.96,0
20240604,1717430400000,8.51,8.53,8.27,8.37,67129,56044460.99999999,0.0,15,8.51,0
20240605,1717516800000,8.36,8.799999999999999,8.35,8.65,147743,126591996.0,0.0,15,8.37,0
20240606,1717603200000,8.6,8.65,8.32,8.370000000000001,111214,94002071.00000001,0.0,15,8.65,0
20240607,1717689600000,8.45,8.540000000000001,8.33,8.52,48540,40891229.00000001,0.0,15,8.37,0
20240611,1718035200000,8.389999999999999,8.799999999999999,8.35,8.76,60972,52517375.00000001,0.0,15,8.52,0
20240612,1718121600000,8.73,8.81,8.65,8.71,37412,32637642.0,0.0,15,8.76,0
20240613,1718208000000,8.77,9.01,8.67,8.86,82011,72358657.0,0.0,15,8.59,0
20240614,1718294400000,8.86,9.09,8.78,9.0,82744,74125910.0,0.0,15,8.86,0
20240617,1718553600000,8.98,8.98,8.57,8.63,73577,64223818.0,0.0,15,9.0,0
20240618,1718640000000,8.65,8.66,8.540000000000001,8.610000000000001,32035,27540341.000000004,0.0,15,8.63,0
20240619,1718726400000,8.55,8.63,8.47,8.51,28312,24109238.0,0.0,15,8.610000000000001,0
20240620,1718812800000,8.51,8.540000000000001,8.31,8.39,32056,26855318.0,0.0,15,8.51,0
20240621,1718899200000,8.370000000000001,8.520000000000001,8.290000000000001,8.440000000000001,19398,16350003.000000002,0.0,15,8.39,0
20240624,1719158400000,8.43,8.43,8.16,8.22,35490,29296309.000000004,0.0,15,8.44,0
20240625,1719244800000,8.31,8.32,8.120000000000001,8.22,21551,17704774.999999996,0.0,15,8.22,0
20240626,1719331200000,8.229999999999999,8.51,8.11,8.51,30321,25234296.0,0.0,15,8.219999999999999,0
20240627,1719417600000,8.5,8.52,8.34,8.37,23379,19650451.0,0.0,15,8.51,0
20240628,1719504000000,8.39,8.58,8.33,8.43,27843,23644605.0,0.0,15,8.37,0
20240701,1719763200000,8.33,8.51,8.32,8.5,16530,13966017.000000002,0.0,15,8.43,0
20240702,1719849600000,8.479999999999999,8.61,8.45,8.52,19349,16547263.0,0.0,15,8.5,0
20240703,1719936000000,8.51,8.75,8.5,8.68,43662,37746888.0,0.0,15,8.52,0
20240704,1720022400000,8.64,8.72,8.370000000000001,8.38,31158,26448150.0,0.0,15,8.680000000000001,0
20240705,1720108800000,8.34,8.45,8.25,8.44,17891,14948331.0,0.0,15,8.38,0
20240708,1720368000000,8.41,8.430000000000001,8.13,8.180000000000001,22712,18690318.0,0.0,15,8.440000000000001,0
20240709,1720454400000,8.13,8.21,7.8100000000000005,8.040000000000001,58982,46938778.0,0.0,15,8.18,0
20240710,1720540800000,8.01,8.33,7.87,8.2,34815,28376926.000000004,0.0,15,8.040000000000001,0
20240711,1720627200000,8.299999999999999,8.47,8.26,8.39,33881,28376753.0,0.0,15,8.2,0
20240712,1720713600000,8.41,8.41,8.23,8.290000000000001,20802,17243392.0,0.0,15,8.39,0
20240715,1720972800000,8.290000000000001,8.32,8.22,8.280000000000001,16135,13320514.0,0.0,15,8.290000000000001,0
20240716,1721059200000,8.260000000000002,8.440000000000001,8.21,8.31,17705,14714999.000000002,0.0,15,8.280000000000001,0
20240717,1721145600000,8.33,8.35,8.24,8.28,14796,12260221.000000002,0.0,15,8.31,0
20240718,1721232000000,8.26,8.38,8.17,8.34,17137,14182138.0,0.0,15,8.28,0
20240719,1721318400000,8.35,8.45,8.26,8.42,19082,16000480.0,0.0,15,8.34,0
20240722,1721577600000,8.43,8.44,8.24,8.32,20259,16811123.0,0.0,15,8.42,0
20240723,1721664000000,8.299999999999999,8.35,8.1,8.1,24715,20308505.000000004,0.0,15,8.32,0
20240724,1721750400000,8.120000000000001,8.14,7.930000000000001,7.95,26447,21093533.0,0.0,15,8.100000000000001,0
20240725,1721836800000,7.91,8.05,7.87,8.0,18697,14887948.0,0.0,15,7.95,0
20240726,1721923200000,7.98,8.08,7.930000000000001,7.98,21948,17502907.000000004,0.0,15,8.0,0
20240729,1722182400000,7.98,7.98,7.54,7.67,49237,37867379.0,0.0,15,7.98,0
20240730,1722268800000,7.66,7.73,7.61,7.7,20242,15535079.000000002,0.0,15,7.67,0
20240731,1722355200000,7.720000000000001,8.08,7.65,8.06,36727,29157656.999999996,0.0,15,7.7,0
20240801,1722441600000,8.120000000000001,8.15,7.98,8.0,21514,17287194.0,0.0,15,8.06,0
20240802,1722528000000,7.99,8.15,7.96,8.0,25108,20254389.0,0.0,15,8.0,0
20240805,1722787200000,7.920000000000001,8.110000000000001,7.8500000000000005,7.8500000000000005,29257,23375688.0,0.0,15,8.0,0
20240806,1722873600000,7.99,8.09,7.95,8.09,30804,24752682.000000004,0.0,15,7.8500000000000005,0
20240807,1722960000000,8.09,8.11,7.96,8.0,24283,19457374.000000004,0.0,15,8.09,0
20240808,1723046400000,7.94,8.18,7.94,8.120000000000001,38314,30946277.0,0.0,15,8.0,0
20240809,1723132800000,8.13,8.14,7.94,7.95,31841,25488191.000000004,0.0,15,8.120000000000001,0
20240812,1723392000000,7.96,8.0,7.91,7.92,13432,10676427.0,0.0,15,7.95,0
20240813,1723478400000,7.95,7.95,7.8,7.95,16331,12876620.0,0.0,15,7.92,0
20240814,1723564800000,7.99,7.99,7.8,7.819999999999999,20541,16103546.0,0.0,15,7.95,0
20240815,1723651200000,7.819999999999999,8.379999999999999,7.72,7.99,61013,48723171.0,0.0,15,7.819999999999999,0
20240816,1723737600000,7.89,7.96,7.75,7.76,54561,42754445.0,0.0,15,7.99,0
20240819,1723996800000,7.680000000000001,7.75,7.53,7.57,48941,37339177.0,0.0,15,7.760000000000001,0
20240820,1724083200000,7.6,7.6,7.3,7.34,38220,28313206.0,0.0,15,7.57,0
20240821,1724169600000,7.3,7.39,7.25,7.26,24027,17535608.0,0.0,15,7.34,0
20240822,1724256000000,7.300000000000001,7.37,7.15,7.2,24812,17902629.0,0.0,15,7.260000000000001,0
20240823,1724342400000,7.17,7.24,7.13,7.24,26154,18814815.000000004,0.0,15,7.2,0
20240826,1724601600000,7.22,7.28,7.04,7.06,62354,44529791.99999999,0.0,15,7.24,0
20240827,1724688000000,7.07,7.220000000000001,6.99,7.16,75309,53558443.00000001,0.0,15,7.0600000000000005,0
20240828,1724774400000,7.15,7.34,7.08,7.2700000000000005,59556,42962102.00000001,0.0,15,7.16,0
20240829,1724860800000,7.2299999999999995,7.4,7.17,7.36,51025,37270615.0,0.0,15,7.27,0
20240830,1724947200000,7.4,7.62,7.2700000000000005,7.5200000000000005,51219,38359398.0,0.0,15,7.36,0
20240902,1725206400000,7.46,7.5200000000000005,7.32,7.3500000000000005,37188,27587142.0,0.0,15,7.5200000000000005,0
20240903,1725292800000,7.319999999999999,7.46,7.26,7.319999999999999,30335,22291154.0,0.0,15,7.35,0
20240904,1725379200000,7.3,7.4,7.24,7.26,26577,19405738.0,0.0,15,7.32,0
20240905,1725465600000,7.29,7.3500000000000005,7.23,7.3100000000000005,18338,13398775.0,0.0,15,7.260000000000001,0
20240906,1725552000000,7.32,7.330000000000001,7.1000000000000005,7.140000000000001,35093,25192262.0,0.0,15,7.3100000000000005,0
20240909,1725811200000,7.109999999999999,7.12,7.01,7.04,35028,24704597.000000004,0.0,15,7.14,0
20240910,1725897600000,7.069999999999999,7.109999999999999,6.93,7.02,38192,26767234.0,0.0,15,7.04,0
20240911,1725984000000,7.01,7.05,6.91,7.0,27614,19267476.0,0.0,15,7.0200000000000005,0
20240912,1726070400000,7.210000000000001,7.760000000000001,7.140000000000001,7.380000000000001,157432,116590518.0,0.0,15,7.000000000000001,0
20240913,1726156800000,7.29,7.58,7.29,7.34,111489,82550282.00000001,0.0,15,7.38,0
20240918,1726588800000,7.33,7.33,6.96,7.08,75741,53811682.99999999,0.0,15,7.34,0
20240919,1726675200000,7.08,7.43,7.08,7.3100000000000005,91565,66888302.0,0.0,15,7.08,0
20240920,1726761600000,7.32,7.32,7.07,7.1000000000000005,74874,53407561.0,0.0,15,7.3100000000000005,0
20240923,1727020800000,7.140000000000001,7.220000000000001,7.1000000000000005,7.170000000000001,48139,34439663.0,0.0,15,7.1000000000000005,0
20240924,1727107200000,7.21,7.65,7.21,7.64,126210,94336710.00000001,0.0,15,7.17,0
20240925,1727193600000,7.71,7.9,7.65,7.73,114679,89050590.0,0.0,15,7.640000000000001,0
20240926,1727280000000,7.720000000000001,7.970000000000001,7.65,7.970000000000001,93445,73173262.0,0.0,15,7.73,0
20240927,1727366400000,8.11,8.52,8.11,8.379999999999999,131280,108732667.0,0.0,15,7.97,0
20240930,1727625600000,8.790000000000001,9.530000000000001,8.56,9.450000000000001,273430,248191070.00000003,0.0,15,8.38,0
20241008,1728316800000,10.98,11.18,9.66,10.2,313249,322027810.0,0.0,15,9.45,0
20241009,1728403200000,9.799999999999999,9.799999999999999,8.85,8.959999999999999,192594,180391427.0,0.0,15,10.2,0
20241010,1728489600000,9.16,9.45,9.02,9.1,119391,110263381.00000001,0.0,15,8.959999999999999,0
20241011,1728576000000,9.030000000000001,9.24,8.790000000000001,8.91,97382,87639069.0,0.0,15,9.100000000000001,0
20241014,1728835200000,8.91,9.02,8.67,8.959999999999999,95222,84422057.0,0.0,15,8.91,0
20241015,1728921600000,8.88,8.99,8.66,8.68,80372,70893930.0,0.0,15,8.96,0
20241016,1729008000000,8.6,8.75,8.44,8.53,85276,73361061.0,0.0,15,8.68,0
20241017,1729094400000,8.53,8.68,8.34,8.34,81960,69775829.0,0.0,15,8.53,0
20241018,1729180800000,8.34,8.74,8.25,8.62,159639,135819452.0,0.0,15,8.34,0
20241021,1729440000000,8.6,8.72,8.48,8.68,125610,108400215.0,0.0,15,8.620000000000001,0
20241022,1729526400000,8.83,9.42,8.74,9.19,264310,241772596.99999997,0.0,15,8.68,0
20241023,1729612800000,9.15,9.459999999999999,9.02,9.33,188955,173838353.0,0.0,15,9.19,0
20241024,1729699200000,9.38,9.98,9.38,9.610000000000001,266836,258370979.0,0.0,15,9.33,0
20241025,1729785600000,9.43,9.57,9.23,9.450000000000001,189955,178090930.0,0.0,15,9.610000000000001,0
20241028,1730044800000,9.040000000000001,9.27,8.98,9.27,203808,185734884.0,0.0,15,9.450000000000001,0
20241029,1730131200000,9.25,9.3,8.96,9.010000000000002,183442,165919516.0,0.0,15,9.270000000000001,0
20241030,1730217600000,8.99,8.99,8.77,8.94,115706,102595636.0,0.0,15,9.01,0
20241031,1730304000000,8.92,9.06,8.84,8.89,96007,85704615.0,0.0,15,8.94,0
20241101,1730390400000,8.89,8.92,8.65,8.66,83656,73203375.00000001,0.0,15,8.89,0
20241104,1730649600000,8.7,8.9,8.6,8.879999999999999,72251,63493914.0,0.0,15,8.66,0
20241105,1730736000000,8.870000000000001,9.05,8.82,9.040000000000001,101064,90809388.0,0.0,15,8.88,0
20241106,1730822400000,9.03,9.1,8.92,8.98,117909,106262180.99999999,0.0,15,9.04,0
20241107,1730908800000,8.88,9.610000000000001,8.88,9.540000000000001,235446,220084274.0,0.0,15,8.98,0
20241108,1730995200000,9.66,9.67,9.25,9.29,162605,152479803.0,0.0,15,9.54,0
20241111,1731254400000,9.2,9.52,9.09,9.48,153327,142730981.0,0.0,15,9.29,0
20241112,1731340800000,9.51,9.58,9.23,9.34,133925,126536265.0,0.0,15,9.48,0
20241113,1731427200000,9.32,9.41,9.11,9.33,90597,83877006.0,0.0,15,9.34,0
20241114,1731513600000,9.36,9.36,9.0,9.01,86953,79453363.0,0.0,15,9.33,0
20241115,1731600000000,9.02,9.11,8.86,8.86,72359,64988598.00000001,0.0,15,9.01,0
20241118,1731859200000,8.860000000000001,8.97,8.71,8.83,63024,55813173.00000001,0.0,15,8.860000000000001,0
20241119,1731945600000,8.81,8.93,8.75,8.92,72889,64428649.99999999,0.0,15,8.83,0
20241120,1732032000000,8.91,9.03,8.86,8.969999999999999,78892,70553131.00000001,0.0,15,8.92,0
20241121,1732118400000,8.98,9.02,8.83,8.96,57620,51439626.00000001,0.0,15,8.97,0
20241122,1732204800000,8.88,8.96,8.5,8.51,90676,79080124.0,0.0,15,8.96,0
20241125,1732464000000,8.5,8.69,8.43,8.65,52955,45470737.99999999,0.0,15,8.51,0
20241126,1732550400000,8.62,8.73,8.59,8.7,46617,40430347.0,0.0,15,8.65,0
20241127,1732636800000,8.66,8.75,8.45,8.75,48876,41995260.0,0.0,15,8.7,0
20241128,1732723200000,8.74,9.11,8.66,8.92,107427,95991873.0,0.0,15,8.75,0
20241129,1732809600000,8.88,9.21,8.870000000000001,9.05,109044,98958768.0,0.0,15,8.920000000000002,0
20241202,1733068800000,9.049999999999999,9.19,9.02,9.16,98959,90315109.00000001,0.0,15,9.049999999999999,0
20241203,1733155200000,9.18,9.2,9.01,9.15,72721,66210403.00000001,0.0,15,9.16,0
20241204,1733241600000,9.100000000000001,9.200000000000001,8.96,9.020000000000001,73932,67227783.00000001,0.0,15,9.15,0
20241205,1733328000000,9.01,9.049999999999999,8.93,9.02,46035,41467938.0,0.0,15,9.02,0
20241206,1733414400000,9.02,9.14,8.98,9.120000000000001,70250,63787561.0,0.0,15,9.02,0
20241209,1733673600000,9.129999999999999,9.229999999999999,9.03,9.1,68532,62515855.00000001,0.0,15,9.12,0
20241210,1733760000000,9.280000000000001,9.360000000000001,9.13,9.16,117832,109064360.0,0.0,15,9.100000000000001,0
20241211,1733846400000,9.16,9.330000000000002,9.120000000000001,9.280000000000001,93724,86884583.0,0.0,15,9.16,0
20241212,1733932800000,9.290000000000001,9.6,9.23,9.58,181635,171419761.00000003,0.0,15,9.280000000000001,0
20241213,1734019200000,9.58,9.58,9.24,9.28,127650,119814999.0,0.0,15,9.58,0
20241216,1734278400000,9.299999999999999,9.809999999999999,9.28,9.569999999999999,197334,190222118.00000003,0.0,15,9.28,0
20241217,1734364800000,9.57,9.57,9.09,9.129999999999999,143682,133117841.0,0.0,15,9.57,0
20241218,1734451200000,9.15,9.22,8.950000000000001,9.010000000000002,97843,88487505.0,0.0,15,9.13,0
20241219,1734537600000,9.0,9.09,8.82,8.98,90425,80806836.0,0.0,15,9.01,0
20241220,1734624000000,8.97,9.270000000000001,8.96,9.100000000000001,81226,74316635.0,0.0,15,8.98,0
20241223,1734883200000,9.1,9.17,8.77,8.809999999999999,76373,68087481.0,0.0,15,9.1,0
20241224,1734969600000,8.82,8.88,8.72,8.83,44186,38908541.00000001,0.0,15,8.81,0
20241225,1735056000000,8.83,8.86,8.61,8.799999999999999,46133,40181852.0,0.0,15,8.83,0
20241226,1735142400000,8.83,9.16,8.75,8.94,59735,53689206.0,0.0,15,8.8,0
20241227,1735228800000,9.0,9.13,8.91,9.08,54379,49165228.0,0.0,15,8.94,0
20241230,1735488000000,9.08,9.09,8.85,8.94,50371,45162374.0,0.0,15,9.08,0
20241231,1735574400000,8.92,9.02,8.69,8.719999999999999,47881,42209522.0,0.0,15,8.94,0
20250102,1735747200000,8.72,8.98,8.65,8.700000000000001,55901,49207877.99999999,0.0,15,8.72,0
20250103,1735833600000,8.74,8.79,8.36,8.379999999999999,61843,52898795.00000001,0.0,15,8.7,0
20250106,1736092800000,8.38,8.48,8.17,8.4,42893,35766471.0,0.0,15,8.38,0
20250107,1736179200000,8.41,8.469999999999999,8.2,8.45,42397,35414037.0,0.0,15,8.399999999999999,0
20250108,1736265600000,8.44,8.450000000000001,8.15,8.31,45042,37361556.00000001,0.0,15,8.450000000000001,0
20250109,1736352000000,8.34,8.35,8.18,8.23,42597,35067766.0,0.0,15,8.31,0
20250110,1736438400000,8.2,8.25,8.08,8.09,36791,29984100.000000004,0.0,15,8.23,0
20250113,1736697600000,8.1,8.21,7.94,8.18,29057,23555938.999999996,0.0,15,8.09,0
20250114,1736784000000,8.26,8.42,8.17,8.37,44393,36944705.0,0.0,15,8.18,0
20250115,1736870400000,8.399999999999999,8.399999999999999,8.28,8.33,19236,16024421.000000002,0.0,15,8.37,0
20250116,1736956800000,8.33,8.450000000000001,8.290000000000001,8.350000000000001,31395,26318939.0,0.0,15,8.33,0
20250117,1737043200000,8.34,8.41,8.26,8.36,27165,22702441.999999996,0.0,15,8.35,0
20250120,1737302400000,8.4,8.44,8.32,8.34,29523,24733214.0,0.0,15,8.36,0
20250121,1737388800000,8.370000000000001,8.370000000000001,8.16,8.24,34991,28765748.0,0.0,15,8.34,0
20250122,1737475200000,8.270000000000001,8.440000000000001,8.22,8.26,42199,35089229.00000001,0.0,15,8.24,0
20250123,1737561600000,8.34,8.44,8.28,8.33,39548,33090727.000000004,0.0,15,8.26,0
20250124,1737648000000,8.33,8.36,8.24,8.34,30669,25466349.0,0.0,15,8.33,0
20250127,1737907200000,8.34,8.49,8.31,8.34,35954,30223328.0,0.0,15,8.34,0
20250205,1738684800000,8.4,8.42,8.24,8.28,33063,27500444.0,0.0,15,8.34,0
20250206,1738771200000,8.290000000000001,8.33,8.21,8.3,39605,32784802.0,0.0,15,8.280000000000001,0
20250207,1738857600000,8.31,8.47,8.290000000000001,8.38,48043,40289246.00000001,0.0,15,8.3,0
20250210,1739116800000,8.4,8.63,8.39,8.63,57643,49108382.0,0.0,15,8.38,0
20250211,1739203200000,8.629999999999999,8.67,8.52,8.65,40007,34400769.99999999,0.0,15,8.629999999999999,0
20250212,1739289600000,8.65,8.66,8.540000000000001,8.64,31462,27043180.0,0.0,15,8.65,0
20250213,1739376000000,8.65,8.67,8.59,8.61,34788,30036234.0,0.0,15,8.64,0
20250214,1739462400000,8.58,8.64,8.51,8.54,31589,27083556.0,0.0,15,8.61,0
20250217,1739721600000,8.58,8.65,8.5,8.62,50867,43624458.0,0.0,15,8.54,0
20250218,1739808000000,8.62,8.65,8.42,8.43,38527,32848333.0,0.0,15,8.62,0
20250219,1739894400000,8.4,8.5,8.4,8.48,35175,29763316.0,0.0,15,8.43,0
20250220,1739980800000,8.52,8.73,8.42,8.6,40035,34452705.0,0.0,15,8.48,0
20250221,1740067200000,8.600000000000001,8.65,8.46,8.55,46369,39542886.0,0.0,15,8.600000000000001,0
20250224,1740326400000,8.7,8.92,8.68,8.73,98882,86903839.00000001,0.0,15,8.549999999999999,0
20250225,1740412800000,8.6,8.67,8.53,8.549999999999999,66291,56818243.99999999,0.0,15,8.729999999999999,0
20250226,1740499200000,8.57,8.680000000000001,8.540000000000001,8.66,45566,39181234.00000001,0.0,15,8.55,0
20250227,1740585600000,8.639999999999999,8.709999999999999,8.52,8.61,49746,42823258.0,0.0,15,8.66,0
20250228,1740672000000,8.600000000000001,8.620000000000001,8.370000000000001,8.38,52897,44879498.0,0.0,15,8.610000000000001,0
20250303,1740931200000,8.39,8.55,8.39,8.47,36954,31404745.0,0.0,15,8.38,0
20250304,1741017600000,8.48,8.56,8.41,8.55,32938,27994127.0,0.0,15,8.47,0
20250305,1741104000000,8.6,8.65,8.49,8.57,27687,23621979.0,0.0,15,8.55,0
20250306,1741190400000,8.610000000000001,8.64,8.55,8.64,41465,35695980.00000001,0.0,15,8.57,0
20250307,1741276800000,8.6,8.69,8.58,8.65,45236,39067561.0,0.0,15,8.64,0
20250310,1741536000000,8.700000000000001,8.74,8.64,8.68,35232,30562510.0,0.0,15,8.65,0
20250311,1741622400000,8.62,9.08,8.58,8.94,120303,106846818.0,0.0,15,8.68,0
20250312,1741708800000,8.92,9.43,8.91,9.2,150396,138158782.0,0.0,15,8.94,0
20250313,1741795200000,9.26,9.69,9.24,9.32,179341,169544005.00000003,0.0,15,9.200000000000001,0
20250314,1741881600000,9.360000000000001,9.39,9.15,9.34,126084,116715447.0,0.0,15,9.32,0
20250317,1742140800000,9.32,10.14,9.32,9.86,231309,226728411.0,0.0,15,9.34,0
20250318,1742227200000,9.81,9.86,9.59,9.62,127943,123418819.00000001,0.0,15,9.86,0
20250319,1742313600000,9.62,9.64,9.34,9.42,89689,84694077.0,0.0,15,9.62,0
20250320,1742400000000,9.48,10.08,9.46,9.930000000000001,236194,233722000.0,0.0,15,9.420000000000002,0
20250321,1742486400000,9.86,10.01,9.58,9.62,117077,114092807.0,0.0,15,9.93,0
20250324,1742745600000,9.6,9.77,9.36,9.61,131078,124650215.0,0.0,15,9.62,0
20250325,1742832000000,9.639999999999999,9.83,9.52,9.69,98516,95553582.0,0.0,15,9.61,0
20250326,1742918400000,9.62,9.84,9.61,9.7,63254,61331582.0,0.0,15,9.69,0
20250327,1743004800000,9.67,9.93,9.5,9.87,123310,120270912.00000001,0.0,15,9.7,0
20250328,1743091200000,9.809999999999999,9.87,9.52,9.52,73546,70986503.0,0.0,15,9.87,0
20250331,1743350400000,9.440000000000001,9.610000000000001,9.21,9.33,83333,78052872.0,0.0,15,9.520000000000001,0
20250401,1743436800000,9.33,9.64,9.33,9.53,61192,58350933.0,0.0,15,9.33,0
20250402,1743523200000,9.5,10.06,9.5,9.82,148210,146374533.00000003,0.0,15,9.53,0
20250403,1743609600000,9.68,10.24,9.64,9.92,148013,147998051.00000003,0.0,15,9.82,0
20250407,1743955200000,10.17,10.799999999999999,9.19,9.66,466206,472559394.00000006,0.0,15,9.92,0
20250408,1744041600000,10.82,11.59,10.82,11.59,496420,569554967.0,0.0,15,9.66,0
20250409,1744128000000,12.290000000000001,12.56,10.950000000000001,11.15,930315,1095620175.0,0.0,15,11.590000000000002,0
20250410,1744214400000,10.6,12.2,10.6,12.049999999999999,776136,896432999.0000001,0.0,15,11.15,0
20250411,1744300800000,11.72,11.73,10.8,10.8,605222,679723322.0,0.0,15,12.05,0
20250414,1744560000000,11.100000000000001,11.14,10.72,10.92,352168,385513958.0,0.0,15,10.8,0
20250415,1744646400000,10.870000000000001,10.99,10.46,10.57,352784,375643209.0,0.0,15,10.920000000000002,0
20250416,1744732800000,10.559999999999999,10.78,10.44,10.719999999999999,292201,310847708.0,0.0,15,10.57,0
20250417,1744819200000,10.57,10.76,10.41,10.52,218444,230346791.0,0.0,15,10.72,0
20250418,1744905600000,10.51,10.74,10.49,10.61,200095,212242413.00000003,0.0,15,10.52,0
20250421,1745164800000,10.549999999999999,10.93,10.43,10.879999999999999,212717,227923386.0,0.0,15,10.61,0
20250422,1745251200000,10.81,11.020000000000001,10.71,10.930000000000001,203780,221388301.99999997,0.0,15,10.88,0
20250423,1745337600000,10.95,11.17,10.66,11.09,261406,285387302.0,0.0,15,10.93,0
20250424,1745424000000,11.03,11.58,11.01,11.14,302925,341675917.0,0.0,15,11.09,0
20250425,1745510400000,11.02,11.17,10.73,10.96,212589,232071228.99999997,0.0,15,11.14,0
20250428,1745769600000,10.85,11.49,10.4,11.15,334777,371119578.0,0.0,15,10.96,0
20250429,1745856000000,11.120000000000001,11.180000000000001,10.88,11.100000000000001,137741,152457903.0,0.0,15,11.15,0
20250430,1745942400000,11.11,11.29,10.78,10.79,176481,193753633.0,0.0,15,11.1,0
20250506,1746460800000,10.870000000000001,11.18,10.82,11.18,171807,189086509.0,0.0,15,10.790000000000001,0
20250507,1746547200000,11.22,11.35,11.06,11.120000000000001,169476,189764992.0,0.0,15,11.18,0
20250508,1746633600000,11.07,11.549999999999999,10.93,11.49,209626,237253782.0,0.0,15,11.12,0
20250509,1746720000000,11.47,11.680000000000001,11.3,11.530000000000001,181503,208554402.0,0.0,15,11.49,0
20250512,1746979200000,11.55,11.78,11.17,11.26,179121,203733529.0,0.0,15,11.53,0
20250513,1747065600000,11.37,11.37,11.19,11.309999999999999,104779,118192308.0,0.0,15,11.26,0
20250514,1747152000000,11.299999999999999,11.32,11.11,11.139999999999999,100316,111899520.0,0.0,15,11.309999999999999,0
20250515,1747238400000,11.13,11.3,11.040000000000001,11.14,103739,115773739.00000001,0.0,15,11.14,0
20250516,1747324800000,10.98,11.040000000000001,10.81,11.0,87159,95265151.0,0.0,15,11.01,0
20250519,1747584000000,11.0,11.260000000000002,10.88,11.190000000000001,97104,107232815.0,0.0,15,11.0,0
20250520,1747670400000,11.18,11.53,11.09,11.28,193030,218390012.0,0.0,15,11.19,0
20250521,1747756800000,11.17,11.620000000000001,11.15,11.38,168110,191772239.00000003,0.0,15,11.280000000000001,0
20250522,1747843200000,11.280000000000001,11.340000000000002,10.950000000000001,11.010000000000002,147344,163841388.0,0.0,15,11.38,0
20250523,1747929600000,11.010000000000002,11.260000000000002,10.950000000000001,10.96,91605,101712173.0,0.0,15,11.010000000000002,0
20250526,1748188800000,10.96,11.000000000000002,10.700000000000001,10.840000000000002,115965,125512676.0,0.0,15,10.96,0
20250527,1748275200000,10.819999999999999,11.33,10.78,11.27,151378,168100149.0,0.0,15,10.84,0
20250528,1748361600000,11.27,11.39,11.08,11.12,83966,93649653.0,0.0,15,11.27,0
20250529,1748448000000,11.090000000000002,11.190000000000001,10.950000000000001,11.13,83149,92160700.0,0.0,15,11.120000000000001,0
20250530,1748534400000,11.12,11.389999999999999,11.11,11.209999999999999,100831,113573236.00000001,0.0,15,11.129999999999999,0
20250603,1748880000000,11.129999999999999,11.43,11.1,11.37,113385,128102135.00000001,0.0,15,11.209999999999999,0
20250604,1748966400000,11.389999999999999,11.74,11.28,11.7,157426,181531344.0,0.0,15,11.37,0
20250605,1749052800000,11.700000000000001,11.790000000000001,11.21,11.270000000000001,156796,179077018.0,0.0,15,11.700000000000001,0
20250606,1749139200000,11.27,11.37,11.19,11.24,85517,96179121.0,0.0,15,11.27,0
20250609,1749398400000,11.25,11.41,11.18,11.34,75406,85328267.0,0.0,15,11.24,0
20250610,1749484800000,11.3,11.39,11.15,11.280000000000001,112370,126578742.0,0.0,15,11.34,0
20250611,1749571200000,11.26,11.36,11.18,11.19,66424,74749419.0,0.0,15,11.28,0
20250612,1749657600000,11.180000000000001,11.24,10.950000000000001,11.090000000000002,85559,94695671.0,0.0,15,11.190000000000001,0
20250613,1749744000000,11.08,11.09,10.8,10.8,76061,82824203.0,0.0,15,11.09,0
20250616,1750003200000,10.82,11.39,10.790000000000001,11.270000000000001,164598,184958736.0,0.0,15,10.8,0
20250617,1750089600000,11.28,12.03,11.19,11.95,323042,376249555.0,0.0,15,11.27,0
20250618,1750176000000,11.9,12.07,11.71,11.97,149901,178361309.99999997,0.0,15,11.950000000000001,0
20250619,1750262400000,11.910000000000002,12.080000000000002,11.700000000000001,12.000000000000002,140344,166206436.0,0.0,15,11.97,0
20250620,1750348800000,11.86,12.79,11.85,12.25,255738,315193068.0,0.0,15,12.0,0
20250623,1750608000000,12.04,12.19,11.86,12.149999999999999,136890,164469920.00000003,0.0,15,12.25,0
20250624,1750694400000,12.15,12.49,12.08,12.4,113798,140165635.0,0.0,15,12.15,0
20250625,1750780800000,12.410000000000002,12.490000000000002,12.030000000000001,12.120000000000001,102918,125092543.0,0.0,15,12.4,0
20250626,1750867200000,12.07,12.129999999999999,11.93,12.049999999999999,83990,100924283.0,0.0,15,12.12,0
20250627,1750953600000,12.030000000000001,12.25,11.97,12.21,84081,102032583.0,0.0,15,12.05,0
20250630,1751212800000,12.200000000000001,12.280000000000001,11.97,12.120000000000001,68159,82327480.0,0.0,15,12.21,0
20250701,1751299200000,12.19,13.28,12.08,12.870000000000001,218516,276329136.0,0.0,15,12.12,0
20250702,1751385600000,12.73,12.88,12.48,12.77,170570,216232829.00000003,0.0,15,12.870000000000001,0
20250703,1751472000000,12.860000000000001,13.190000000000001,12.780000000000001,13.05,157452,204657118.0,0.0,15,12.770000000000001,0
20250704,1751558400000,12.96,13.760000000000002,12.88,13.610000000000001,262129,352290199.0,0.0,15,13.05,0
20250707,1751817600000,13.5,13.81,13.13,13.200000000000001,200471,267775171.0,0.0,15,13.610000000000001,0
20250708,1751904000000,13.209999999999999,14.19,13.01,13.82,239455,329421831.0,0.0,15,13.2,0
20250709,1751990400000,13.83,14.360000000000001,13.48,13.63,241891,334502831.99999994,0.0,15,13.82,0
20250710,1752076800000,13.46,13.73,13.13,13.4,223191,299957939.0,0.0,15,13.63,0
20250711,1752163200000,13.68,14.0,13.34,13.37,176496,239999335.0,0.0,15,13.4,0
20250714,1752422400000,13.35,13.620000000000001,13.31,13.440000000000001,118356,158911571.99999997,0.0,15,13.370000000000001,0
20250715,1752508800000,13.39,13.52,13.17,13.5,147981,197558648.0,0.0,15,13.44,0
20250716,1752595200000,13.450000000000001,13.72,13.23,13.5,114078,154254273.0,0.0,15,13.5,0
20250717,1752681600000,13.51,13.58,13.24,13.32,91418,121887812.0,0.0,15,13.5,0
20250718,1752768000000,13.3,13.4,13.21,13.24,58259,77333882.0,0.0,15,13.32,0
20250721,1753027200000,13.28,13.299999999999999,13.11,13.149999999999999,78649,103620026.0,0.0,15,13.24,0
20250722,1753113600000,13.15,13.38,13.120000000000001,13.190000000000001,81302,107475966.0,0.0,15,13.15,0
20250723,1753200000000,13.170000000000002,13.250000000000002,13.030000000000001,13.05,68843,90463238.0,0.0,15,13.190000000000001,0
20250724,1753286400000,13.11,13.15,12.93,13.12,67597,88180932.0,0.0,15,13.049999999999999,0
20250725,1753372800000,13.09,13.28,13.01,13.12,67156,88536308.00000001,0.0,15,13.12,0
20250728,1753632000000,13.180000000000001,13.340000000000002,12.96,13.21,95305,125092045.0,0.0,15,13.120000000000001,0
20250729,1753718400000,13.270000000000001,13.34,13.05,13.23,64232,84507703.0,0.0,15,13.21,0
20250730,1753804800000,13.180000000000001,13.31,13.05,13.14,64828,85467621.0,0.0,15,13.23,0
20250731,1753891200000,13.14,13.32,13.06,13.14,75905,99999347.0,0.0,15,13.14,0
20250801,1753977600000,13.1,13.75,13.1,13.43,158075,213021040.0,0.0,15,13.139999999999999,0
20250804,1754236800000,13.39,13.4,13.08,13.17,99389,131315026.0,0.0,15,13.43,0
20250805,1754323200000,13.16,13.61,13.1,13.49,119991,160063337.0,0.0,15,13.17,0
20250806,1754409600000,13.559999999999999,13.61,13.27,13.37,69991,93373176.99999999,0.0,15,13.49,0
20250807,1754496000000,13.33,13.4,13.17,13.19,66429,87998597.0,0.0,15,13.37,0
20250808,1754582400000,13.190000000000001,13.26,13.14,13.22,49121,64836607.0,0.0,15,13.190000000000001,0
20250811,1754841600000,13.21,13.56,13.21,13.49,96629,129320458.0,0.0,15,13.22,0
20250812,1754928000000,13.81,14.440000000000001,13.64,13.72,198239,278374189.0,0.0,15,13.49,0
20250813,1755014400000,13.71,13.870000000000001,13.47,13.58,112213,152164663.00000003,0.0,15,13.72,0
20250814,1755100800000,13.56,13.66,13.41,13.6,84721,114871129.0,0.0,15,13.58,0
20250815,1755187200000,13.59,13.879999999999999,13.52,13.82,99424,136464417.0,0.0,15,13.6,0
20250818,1755446400000,13.830000000000002,14.020000000000001,13.700000000000001,14.000000000000002,109935,152399341.00000003,0.0,15,13.82,0
20250819,1755532800000,13.99,14.25,13.9,13.93,96710,135973117.0,0.0,15,14.0,0
20250820,1755619200000,13.88,13.98,13.81,13.93,58407,81154953.0,0.0,15,13.93,0
20250821,1755705600000,13.91,13.99,13.6,13.67,97213,133555844.0,0.0,15,13.93,0
20250822,1755792000000,13.73,13.75,13.5,13.6,74361,100994334.0,0.0,15,13.67,0
20250825,1756051200000,13.610000000000001,14.21,13.530000000000001,14.200000000000001,173473,241716686.0,0.0,15,13.600000000000001,0
20250826,1756137600000,14.100000000000001,14.5,13.97,14.25,177639,252421125.00000003,0.0,15,14.200000000000001,0
20250827,1756224000000,14.200000000000001,14.9,14.200000000000001,14.450000000000001,158235,230027329.00000003,0.0,15,14.250000000000002,0
20250828,1756310400000,14.52,14.709999999999999,14.19,14.44,123235,177823719.00000003,0.0,15,14.45,0
20250829,1756396800000,14.45,14.73,14.34,14.37,114709,166248872.0,0.0,15,14.44,0
20250901,1756656000000,14.3,14.370000000000001,13.74,13.85,171797,239753146.0,0.0,15,14.370000000000001,0
20250902,1756742400000,13.82,13.82,13.11,13.24,178369,237964373.0,0.0,15,13.85,0
20250903,1756828800000,13.28,13.459999999999999,13.11,13.19,106081,141033599.0,0.0,15,13.24,0
20250904,1756915200000,13.36,13.56,13.16,13.39,103093,137997302.00000003,0.0,15,13.19,0
20250905,1757001600000,13.39,13.57,13.17,13.54,79260,106323131.0,0.0,15,13.39,0
20250908,1757260800000,13.610000000000001,13.690000000000001,13.46,13.670000000000002,85922,116744921.0,0.0,15,13.540000000000001,0
20250909,1757347200000,13.610000000000001,13.690000000000001,13.450000000000001,13.64,58485,79370690.00000001,0.0,15,13.670000000000002,0
20250910,1757433600000,13.620000000000001,13.620000000000001,13.370000000000001,13.440000000000001,45918,61847192.0,0.0,15,13.64,0
20250911,1757520000000,13.41,13.49,13.31,13.43,78820,105559375.0,0.0,15,13.440000000000001,0
20250912,1757606400000,13.42,13.48,12.9,12.96,154667,202720858.00000003,0.0,15,13.43,0
20250915,1757865600000,12.89,13.09,12.76,13.049999999999999,77380,100159898.0,0.0,15,12.959999999999999,0
20250916,1757952000000,13.01,13.12,12.84,13.02,60933,78987184.0,0.0,15,13.05,0
20250917,1758038400000,13.010000000000002,13.200000000000001,12.96,13.090000000000002,59703,78230618.0,0.0,15,13.020000000000001,0
20250918,1758124800000,13.09,13.1,12.73,12.82,65551,84760961.0,0.0,15,13.09,0
20250919,1758211200000,12.82,12.89,12.65,12.73,61499,78330060.00000001,0.0,15,12.82,0
20250922,1758470400000,12.79,12.799999999999999,12.52,12.629999999999999,61501,77570602.99999999,0.0,15,12.73,0
20250923,1758556800000,12.59,12.799999999999999,12.36,12.77,71080,89436439.00000001,0.0,15,12.629999999999999,0
20250924,1758643200000,12.75,12.790000000000001,12.58,12.72,45702,58098765.0,0.0,15,12.77,0
20250925,1758729600000,12.66,12.76,12.57,12.620000000000001,33229,42077844.0,0.0,15,12.72,0
20250926,1758816000000,12.61,13.35,12.51,13.129999999999999,129331,168859394.0,0.0,15,12.62,0
20250929,1759075200000,13.01,13.01,12.73,12.96,95267,122433556.00000001,0.0,15,13.13,0
20250930,1759161600000,13.0,13.23,12.93,13.11,49483,64794700.0,0.0,15,12.959999999999999,0
20251009,1759939200000,13.02,13.17,12.75,13.06,73145,94501815.00000001,0.0,15,13.11,0
20251010,1760025600000,12.959999999999999,13.54,12.92,13.53,121774,162875423.0,0.0,15,13.06,0
20251013,1760284800000,13.250000000000002,13.56,13.200000000000001,13.24,87293,116517315.0,0.0,15,13.530000000000001,0
20251014,1760371200000,13.99,14.39,13.700000000000001,13.99,295862,413438101.0,0.0,15,13.24,0
20251015,1760457600000,13.92,14.39,13.81,14.200000000000001,233997,331487251.0,0.0,15,13.99,0
20251016,1760544000000,14.17,14.700000000000001,14.15,14.48,200293,290289335.0,0.0,15,14.200000000000001,0
20251017,1760630400000,14.47,14.790000000000001,14.290000000000001,14.41,180654,263508338.0,0.0,15,14.48,0
20251020,1760889600000,14.48,14.58,14.13,14.31,167127,239200068.0,0.0,15,14.41,0
20251021,1760976000000,14.33,15.0,14.24,14.99,168863,248662186.00000003,0.0,15,14.31,0
20251022,1761062400000,14.9,14.99,14.43,14.53,111426,162857211.0,0.0,15,14.99,0
20251023,1761148800000,14.46,14.790000000000001,14.46,14.620000000000001,111756,163201858.0,0.0,15,14.530000000000001,0
20251024,1761235200000,14.55,14.6,14.34,14.41,102237,147588611.0,0.0,15,14.62,0
20251027,1761494400000,14.49,14.510000000000002,13.72,13.91,306029,425547433.0,0.0,15,14.41,0
20251028,1761580800000,13.88,13.88,13.47,13.520000000000001,133871,182059166.0,0.0,15,13.91,0
20251029,1761667200000,13.51,13.51,13.34,13.44,86747,116255676.00000001,0.0,15,13.52,0
20251030,1761753600000,13.44,13.44,13.27,13.32,78595,104837972.0,0.0,15,13.44,0
20251031,1761840000000,13.370000000000001,13.520000000000001,13.290000000000001,13.360000000000001,84165,112689877.0,0.0,15,13.32,0
20251103,1762099200000,13.36,13.45,13.25,13.38,91606,122178839.00000001,0.0,15,13.36,0
20251104,1762185600000,13.39,13.39,12.98,13.08,70697,92920565.0,0.0,15,13.38,0
20251105,1762272000000,13.030000000000001,13.090000000000002,12.950000000000001,13.010000000000002,64438,83929879.0,0.0,15,13.080000000000002,0
20251106,1762358400000,13.049999999999999,13.14,12.93,13.1,64241,83826324.0,0.0,15,13.01,0
20251107,1762444800000,13.120000000000001,13.14,12.950000000000001,13.040000000000001,59466,77608825.0,0.0,15,13.100000000000001,0
20251110,1762704000000,13.07,13.180000000000001,12.96,13.14,71997,94066252.0,0.0,15,13.040000000000001,0
20251111,1762790400000,13.16,13.45,13.02,13.389999999999999,113206,150394924.0,0.0,15,13.139999999999999,0
20251112,1762876800000,13.620000000000001,13.780000000000001,13.48,13.540000000000001,119385,162291831.00000003,0.0,15,13.39,0
20251113,1762963200000,13.49,13.6,13.36,13.57,91257,122877881.0,0.0,15,13.54,0
20251114,1763049600000,13.48,13.67,13.24,13.27,76703,102821579.0,0.0,15,13.57,0
20251117,1763308800000,13.32,13.360000000000001,12.950000000000001,12.96,84912,110752463.0,0.0,15,13.270000000000001,0
20251118,1763395200000,12.93,12.99,12.81,12.870000000000001,54762,70506645.0,0.0,15,12.96,0
20251119,1763481600000,12.87,12.879999999999999,12.61,12.649999999999999,55829,70991520.0,0.0,15,12.87,0
20251120,1763568000000,12.74,12.86,12.59,12.629999999999999,42251,53505319.0,0.0,15,12.65,0
20251121,1763654400000,12.580000000000002,12.660000000000002,12.200000000000001,12.260000000000002,82810,102638714.0,0.0,15,12.63,0
20251124,1763913600000,12.39,12.55,12.200000000000001,12.32,55636,68619786.00000001,0.0,15,12.260000000000002,0
20251125,1764000000000,12.360000000000001,12.48,12.3,12.370000000000001,53330,66122636.99999999,0.0,15,12.32,0
20251126,1764086400000,12.32,12.47,12.280000000000001,12.3,38924,48107819.0,0.0,15,12.370000000000001,0
20251127,1764172800000,12.330000000000002,12.47,12.280000000000001,12.430000000000001,41309,51244521.00000001,0.0,15,12.3,0
20251128,1764259200000,12.42,12.5,12.31,12.49,38961,48478248.0,0.0,15,12.43,0
20251201,1764518400000,12.520000000000001,12.73,12.450000000000001,12.500000000000002,48822,61374906.0,0.0,15,12.49,0
20251202,1764604800000,12.52,12.52,12.32,12.38,45990,56875653.00000001,0.0,15,12.5,0
20251203,1764691200000,12.42,12.44,12.16,12.23,41725,51181776.0,0.0,15,12.38,0
20251204,1764777600000,12.219999999999999,12.28,12.02,12.1,37785,45838964.0,0.0,15,12.23,0
20251205,1764864000000,12.13,12.33,12.06,12.3,33132,40456991.0,0.0,15,12.1,0
20251208,1765123200000,12.4,12.41,12.15,12.200000000000001,48783,59846367.0,0.0,15,12.3,0
20251209,1765209600000,12.2,12.28,12.16,12.18,32962,40246866.0,0.0,15,12.2,0
20251210,1765296000000,12.15,12.4,12.13,12.3,43473,53436743.00000001,0.0,15,12.180000000000001,0
20251211,1765382400000,12.32,12.440000000000001,12.21,12.23,40131,49437022.0,0.0,15,12.3,0
20251212,1765468800000,12.23,12.82,12.16,12.68,112469,141167201.00000003,0.0,15,12.23,0
20251215,1765728000000,12.98,13.64,12.82,13.17,231935,306690933.99999994,0.0,15,12.68,0
20251216,1765814400000,13.0,13.08,12.64,12.66,142698,183014919.0,0.0,15,13.17,0
20251217,1765900800000,12.86,12.959999999999999,12.68,12.82,80486,103059155.0,0.0,15,12.66,0
20251218,1765987200000,12.82,12.950000000000001,12.72,12.82,48265,62000974.0,0.0,15,12.82,0
20251219,1766073600000,12.82,12.97,12.67,12.9,57869,74288337.0,0.0,15,12.82,0
20251222,1766332800000,12.89,13.08,12.8,13.020000000000001,77521,100267253.00000001,0.0,15,12.9,0
20251223,1766419200000,13.05,13.07,12.81,12.950000000000001,61729,79930128.0,0.0,15,13.020000000000001,0
20251224,1766505600000,13.0,13.01,12.75,12.83,48634,62347053.0,0.0,15,12.95,0
20251225,1766592000000,12.82,12.879999999999999,12.76,12.82,36608,46955638.0,0.0,15,12.83,0
20251226,1766678400000,12.77,12.88,12.65,12.72,43466,55448411.00000001,0.0,15,12.82,0
20251229,1766937600000,12.77,12.77,12.5,12.54,68682,86606354.0,0.0,15,12.72,0
20251230,1767024000000,12.5,12.54,12.35,12.379999999999999,61578,76437752.0,0.0,15,12.54,0
20251231,1767110400000,12.39,12.440000000000001,12.3,12.41,41034,50747897.0,0.0,15,12.38,0
20260105,1767542400000,12.44,12.88,12.41,12.83,75216,95656694.0,0.0,15,12.41,0
20260106,1767628800000,12.790000000000001,12.940000000000001,12.72,12.9,59674,76829286.0,0.0,15,12.83,0
20260107,1767715200000,12.86,13.07,12.84,12.99,59548,77163011.0,0.0,15,12.9,0
20260108,1767801600000,13.01,13.13,12.91,13.06,69300,90260600.0,0.0,15,12.99,0
20260109,1767888000000,13.04,13.15,13.0,13.14,54104,70734199.99999999,0.0,15,13.06,0
20260112,1768147200000,13.17,13.190000000000001,12.88,13.020000000000001,80516,104407160.99999999,0.0,15,13.14,0
20260113,1768233600000,12.959999999999999,13.22,12.92,13.04,82561,108189415.0,0.0,15,13.02,0
20260114,1768320000000,13.6,14.09,13.35,13.78,399745,546284912.0,0.0,15,13.04,0
20260115,1768406400000,13.57,13.7,13.41,13.48,175976,237731576.0,0.0,15,13.78,0
20260116,1768492800000,13.440000000000001,13.98,13.370000000000001,13.620000000000001,180741,245883161.0,0.0,15,13.48,0
20260119,1768752000000,13.65,13.85,13.59,13.74,167966,230720965.00000003,0.0,15,13.62,0
20260120,1768838400000,13.76,14.22,13.74,14.200000000000001,246284,347112195.0,0.0,15,13.74,0
20260121,1768924800000,14.08,14.24,13.88,13.91,162335,226895283.00000003,0.0,15,14.200000000000001,0
20260122,1769011200000,13.98,14.05,13.9,14.0,102711,143551163.00000003,0.0,15,13.91,0
20260123,1769097600000,14.049999999999999,14.049999999999999,13.86,13.92,115547,160720567.0,0.0,15,14.0,0
20260126,1769356800000,13.85,14.03,13.68,13.95,150480,208569886.0,0.0,15,13.92,0
20260127,1769443200000,13.920000000000002,13.950000000000001,13.530000000000001,13.660000000000002,110248,150623131.0,0.0,15,13.950000000000001,0
20260128,1769529600000,13.66,13.71,13.55,13.59,74017,100650555.0,0.0,15,13.66,0
20260129,1769616000000,13.59,13.61,13.35,13.44,94412,127348105.00000001,0.0,15,13.59,0
20260130,1769702400000,13.420000000000002,13.65,13.280000000000001,13.55,103125,139623993.0,0.0,15,13.440000000000001,0
20260202,1769961600000,13.43,13.74,13.35,13.37,129425,175173377.0,0.0,15,13.549999999999999,0
20260203,1770048000000,13.42,13.540000000000001,13.3,13.520000000000001,89541,120290842.0,0.0,15,13.370000000000001,0
20260204,1770134400000,13.56,13.680000000000001,13.47,13.56,58625,79471048.0,0.0,15,13.520000000000001,0
20260205,1770220800000,13.53,13.91,13.49,13.53,110506,151150442.99999997,0.0,15,13.56,0
20260206,1770307200000,13.49,14.13,13.46,13.91,185400,257852798.0,0.0,15,13.530000000000001,0
20260209,1770566400000,13.99,13.99,13.790000000000001,13.89,94958,131863206.0,0.0,15,13.91,0
20260210,1770652800000,13.85,13.93,13.67,13.7,84750,116373571.0,0.0,15,13.89,0
20260211,1770739200000,13.74,13.780000000000001,13.63,13.65,50317,68942630.0,0.0,15,13.700000000000001,0
20260212,1770825600000,13.64,13.920000000000002,13.46,13.8,106274,145239133.0,0.0,15,13.65,0
20260213,1770912000000,13.72,13.85,13.51,13.54,58543,79940506.00000001,0.0,15,13.799999999999999,0
20260224,1771862400000,13.600000000000001,13.850000000000001,13.540000000000001,13.790000000000001,64472,88708743.00000001,0.0,15,13.540000000000001,0
20260225,1771948800000,13.790000000000001,13.940000000000001,13.73,13.83,77210,106971963.0,0.0,15,13.790000000000001,0
20260226,1772035200000,13.82,14.15,13.76,14.1,111803,156471401.0,0.0,15,13.83,0
20260227,1772121600000,13.96,14.600000000000001,13.950000000000001,14.490000000000002,160168,231279378.00000003,0.0,15,14.100000000000001,0
20260302,1772380800000,14.33,14.55,14.21,14.420000000000002,126840,182890304.0,0.0,15,14.49,0
20260303,1772467200000,14.39,14.58,13.8,13.8,116271,163735663.0,0.0,15,14.42,0
20260304,1772553600000,13.71,14.01,13.66,13.7,101016,139587675.0,0.0,15,13.8,0
20260305,1772640000000,13.88,13.97,13.58,13.69,85644,117494374.00000001,0.0,15,13.7,0
20260306,1772726400000,13.65,14.26,13.56,14.100000000000001,112607,157638432.99999997,0.0,15,13.690000000000001,0
20260309,1772985600000,14.05,14.52,14.0,14.5,152170,218298919.0,0.0,15,14.1,0
20260310,1773072000000,14.4,14.49,14.17,14.44,95460,136984791.0,0.0,15,14.5,0
20260311,1773158400000,14.450000000000001,14.65,14.280000000000001,14.580000000000002,92187,133600379.0,0.0,15,14.440000000000001,0
20260312,1773244800000,14.5,15.8,14.46,15.71,281906,433993939.0,0.0,15,14.58,0
20260313,1773331200000,15.6,15.65,14.51,14.66,265894,394804603.0,0.0,15,15.709999999999999,0
20260316,1773590400000,14.68,15.07,14.36,14.43,177900,260317071.0,0.0,15,14.66,0
20260317,1773676800000,14.42,14.56,13.81,13.85,136883,193279072.0,0.0,15,14.43,0
20260318,1773763200000,13.95,14.01,13.76,13.99,82083,114133945.0,0.0,15,13.85,0
20260319,1773849600000,13.82,13.850000000000001,13.370000000000001,13.430000000000001,90920,123271201.0,0.0,15,13.99,0
20260320,1773936000000,13.54,13.95,13.36,13.62,114665,157062100.0,0.0,15,13.43,0
20260323,1774195200000,13.38,13.45,12.66,12.74,117120,152471701.0,0.0,15,13.620000000000001,0
20260324,1774281600000,12.96,12.98,12.63,12.91,80641,103305099.0,0.0,15,12.74,0
20260325,1774368000000,12.98,13.21,12.83,13.13,63079,82670704.0,0.0,15,12.91,0
20260326,1774454400000,13.14,13.22,12.82,12.88,64998,84373174.00000001,0.0,15,13.13,0
20260327,1774540800000,12.8,13.15,12.72,13.09,70058,91365163.0,0.0,15,12.88,0
20260330,1774800000000,12.969999999999999,13.24,12.93,13.09,75735,99006557.0,0.0,15,13.09,0
20260331,1774886400000,12.86,12.950000000000001,12.07,12.1,259202,317258676.0,0.0,15,13.09,0
20260401,1774972800000,12.26,12.309999999999999,12.02,12.129999999999999,143365,173747347.0,0.0,15,12.1,0
20260402,1775059200000,12.09,12.34,12.06,12.23,86744,106189819.0,0.0,15,12.13,0
20260403,1775145600000,12.280000000000001,12.280000000000001,11.81,11.81,72375,86225225.0,0.0,15,12.23,0
20260407,1775491200000,11.9,12.08,11.75,11.87,90746,108044583.0,0.0,15,11.81,0
20260408,1775577600000,12.0,12.25,12.0,12.15,90433,109801599.0,0.0,15,11.87,0
20260409,1775664000000,12.06,12.139999999999999,11.85,11.879999999999999,72015,85901626.0,0.0,15,12.15,0
20260410,1775750400000,11.950000000000001,12.120000000000001,11.9,12.01,58858,70819365.0,0.0,15,11.88,0
20260413,1776009600000,12.01,12.01,11.86,11.969999999999999,53282,63522055.00000001,0.0,15,12.01,0
20260414,1776096000000,11.98,12.090000000000002,11.870000000000001,12.090000000000002,65027,77810187.0,0.0,15,11.97,0
20260415,1776182400000,12.18,12.18,12.0,12.03,49169,59267549.0,0.0,15,12.09,0
20260416,1776268800000,12.0,12.08,11.93,12.049999999999999,51261,61560506.00000001,0.0,15,12.03,0
20260417,1776355200000,12.02,12.05,11.82,11.83,80410,95428539.0,0.0,15,12.05,0
20260420,1776614400000,11.84,12.07,11.83,12.040000000000001,73230,87506904.00000001,0.0,15,11.83,0
20260421,1776700800000,12.08,12.09,11.9,11.96,47505,56842364.00000001,0.0,15,12.040000000000001,0
20260422,1776787200000,11.96,12.06,11.81,11.99,57147,68297928.0,0.0,15,11.96,0
20260423,1776873600000,11.99,12.110000000000001,11.71,11.74,68654,81203283.0,0.0,15,11.99,0
20260424,1776960000000,11.64,11.66,11.47,11.600000000000001,52910,61117177.0,0.0,15,11.74,0
20260427,1777219200000,11.6,11.68,11.42,11.65,57672,66618163.0,0.0,15,11.6,0
20260428,1777305600000,11.600000000000001,11.66,11.370000000000001,11.370000000000001,59533,68298103.0,0.0,15,11.65,0
20260429,1777392000000,11.430000000000001,11.73,11.38,11.690000000000001,59874,69720226.0,0.0,15,11.370000000000001,0
20260430,1777478400000,11.67,11.73,11.49,11.53,55496,64398499.00000001,0.0,15,11.69,0
20260506,1777996800000,11.67,11.7,11.25,11.29,117917,133833231.00000001,0.0,15,11.53,0
20260507,1778083200000,11.280000000000001,11.41,11.15,11.25,73708,82727554.00000001,0.0,15,11.290000000000001,0
20260508,1778169600000,11.25,11.48,11.21,11.41,69425,78853816.0,0.0,15,11.25,0
20260511,1778428800000,11.41,11.46,11.32,11.43,53388,60778925.0,0.0,15,11.41,0
20260512,1778515200000,11.41,11.459999999999999,11.09,11.1,89146,99975339.0,0.0,15,11.43,0
20260513,1778601600000,11.11,11.4,11.07,11.3,73573,82648786.0,0.0,15,11.1,0
20260514,1778688000000,11.39,11.620000000000001,11.3,11.46,111390,128100462.00000001,0.0,15,11.3,0
20260515,1778774400000,11.379999999999999,11.399999999999999,11.11,11.149999999999999,75632,84860769.0,0.0,15,11.459999999999999,0
20260518,1779033600000,11.16,11.16,10.93,11.0,59715,65683698.0,0.0,15,11.15,0
20260519,1779120000000,11.0,11.15,11.0,11.14,39873,44158966.0,0.0,15,11.0,0
20260520,1779206400000,11.180000000000001,11.21,10.96,11.0,43299,47752677.0,0.0,15,11.14,0
20260521,1779292800000,10.790000000000001,10.94,10.49,10.51,52492,56430966.99999999,0.0,15,10.700000000000001,0
20260522,1779379200000,10.64,10.64,10.450000000000001,10.49,39797,41818110.0,0.0,15,10.510000000000002,0
20260525,1779638400000,10.549999999999999,10.58,10.43,10.44,38364,40298235.99999999,0.0,15,10.49,0
20260526,1779724800000,10.44,10.44,10.24,10.33,48882,50486201.0,0.0,15,10.44,0
