date,time,open,high,low,close,volume,amount,settelementPrice,openInterest,preClose,suspendFlag
20120718,1342540800000,,,,,0,0.0,0.0,0,,1
20120719,1342627200000,,,,,0,0.0,0.0,0,,1
20120720,1342713600000,,,,,0,0.0,0.0,0,,1
20120723,1342972800000,,,,,0,0.0,0.0,0,,1
20120724,1343059200000,,,,,0,0.0,0.0,0,,1
20120725,1343145600000,,,,,0,0.0,0.0,0,,1
20120726,1343232000000,,,,,0,0.0,0.0,0,,1
20120727,1343318400000,,,,,0,0.0,0.0,0,,1
20120730,1343577600000,,,,,0,0.0,0.0,0,,1
20120731,1343664000000,,,,,0,0.0,0.0,0,,1
20120801,1343750400000,,,,,0,0.0,0.0,0,,1
20120802,1343836800000,,,,,0,0.0,0.0,0,,1
20120803,1343923200000,,,,,0,0.0,0.0,0,,1
20120806,1344182400000,,,,,0,0.0,0.0,0,,1
20120807,1344268800000,,,,,0,0.0,0.0,0,,1
20120808,1344355200000,,,,,0,0.0,0.0,0,,1
20120809,1344441600000,,,,,0,0.0,0.0,0,,1
20120810,1344528000000,,,,,0,0.0,0.0,0,,1
20120813,1344787200000,,,,,0,0.0,0.0,0,,1
20120814,1344873600000,,,,,0,0.0,0.0,0,,1
20120815,1344960000000,,,,,0,0.0,0.0,0,,1
20120816,1345046400000,,,,,0,0.0,0.0,0,,1
20120817,1345132800000,,,,,0,0.0,0.0,0,,1
20120820,1345392000000,,,,,0,0.0,0.0,0,,1
20120821,1345478400000,,,,,0,0.0,0.0,0,,1
20120822,1345564800000,,,,,0,0.0,0.0,0,,1
20120823,1345651200000,,,,,0,0.0,0.0,0,,1
20120824,1345737600000,,,,,0,0.0,0.0,0,,1
20120827,1345996800000,,,,,0,0.0,0.0,0,,1
20120828,1346083200000,,,,,0,0.0,0.0,0,,1
20120829,1346169600000,,,,,0,0.0,0.0,0,,1
20120830,1346256000000,,,,,0,0.0,0.0,0,,1
20120831,1346342400000,,,,,0,0.0,0.0,0,,1
20120903,1346601600000,,,,,0,0.0,0.0,0,,1
20120904,1346688000000,,,,,0,0.0,0.0,0,,1
20120905,1346774400000,,,,,0,0.0,0.0,0,,1
20120906,1346860800000,,,,,0,0.0,0.0,0,,1
20120907,1346947200000,,,,,0,0.0,0.0,0,,1
20120910,1347206400000,,,,,0,0.0,0.0,0,,1
20120911,1347292800000,,,,,0,0.0,0.0,0,,1
20120912,1347379200000,,,,,0,0.0,0.0,0,,1
20120913,1347465600000,,,,,0,0.0,0.0,0,,1
20120914,1347552000000,,,,,0,0.0,0.0,0,,1
20120917,1347811200000,,,,,0,0.0,0.0,0,,1
20120918,1347897600000,,,,,0,0.0,0.0,0,,1
20120919,1347984000000,,,,,0,0.0,0.0,0,,1
20120920,1348070400000,,,,,0,0.0,0.0,0,,1
20120921,1348156800000,,,,,0,0.0,0.0,0,,1
20120924,1348416000000,,,,,0,0.0,0.0,0,,1
20120925,1348502400000,,,,,0,0.0,0.0,0,,1
20120926,1348588800000,,,,,0,0.0,0.0,0,,1
20120927,1348675200000,,,,,0,0.0,0.0,0,,1
20120928,1348761600000,,,,,0,0.0,0.0,0,,1
20121008,1349625600000,,,,,0,0.0,0.0,0,,1
20121009,1349712000000,,,,,0,0.0,0.0,0,,1
20121010,1349798400000,,,,,0,0.0,0.0,0,,1
20121011,1349884800000,,,,,0,0.0,0.0,0,,1
20121012,1349971200000,,,,,0,0.0,0.0,0,,1
20121015,1350230400000,,,,,0,0.0,0.0,0,,1
20121016,1350316800000,,,,,0,0.0,0.0,0,,1
20121017,1350403200000,,,,,0,0.0,0.0,0,,1
20121018,1350489600000,,,,,0,0.0,0.0,0,,1
20121019,1350576000000,,,,,0,0.0,0.0,0,,1
20121022,1350835200000,,,,,0,0.0,0.0,0,,1
20121023,1350921600000,,,,,0,0.0,0.0,0,,1
20121024,1351008000000,,,,,0,0.0,0.0,0,,1
20121025,1351094400000,,,,,0,0.0,0.0,0,,1
20121026,1351180800000,,,,,0,0.0,0.0,0,,1
20121029,1351440000000,,,,,0,0.0,0.0,0,,1
20121030,1351526400000,,,,,0,0.0,0.0,0,,1
20121031,1351612800000,,,,,0,0.0,0.0,0,,1
20121101,1351699200000,,,,,0,0.0,0.0,0,,1
20121102,1351785600000,,,,,0,0.0,0.0,0,,1
20121105,1352044800000,,,,,0,0.0,0.0,0,,1
20121106,1352131200000,,,,,0,0.0,0.0,0,,1
20121107,1352217600000,,,,,0,0.0,0.0,0,,1
20121108,1352304000000,,,,,0,0.0,0.0,0,,1
20121109,1352390400000,,,,,0,0.0,0.0,0,,1
20121112,1352649600000,,,,,0,0.0,0.0,0,,1
20121113,1352736000000,,,,,0,0.0,0.0,0,,1
20121114,1352822400000,,,,,0,0.0,0.0,0,,1
20121115,1352908800000,,,,,0,0.0,0.0,0,,1
20121116,1352995200000,,,,,0,0.0,0.0,0,,1
20121119,1353254400000,,,,,0,0.0,0.0,0,,1
20121120,1353340800000,,,,,0,0.0,0.0,0,,1
20121121,1353427200000,,,,,0,0.0,0.0,0,,1
20121122,1353513600000,,,,,0,0.0,0.0,0,,1
20121123,1353600000000,,,,,0,0.0,0.0,0,,1
20121126,1353859200000,,,,,0,0.0,0.0,0,,1
20121127,1353945600000,,,,,0,0.0,0.0,0,,1
20121128,1354032000000,,,,,0,0.0,0.0,0,,1
20121129,1354118400000,,,,,0,0.0,0.0,0,,1
20121130,1354204800000,,,,,0,0.0,0.0,0,,1
20121203,1354464000000,,,,,0,0.0,0.0,0,,1
20121204,1354550400000,,,,,0,0.0,0.0,0,,1
20121205,1354636800000,,,,,0,0.0,0.0,0,,1
20121206,1354723200000,,,,,0,0.0,0.0,0,,1
20121207,1354809600000,,,,,0,0.0,0.0,0,,1
20121210,1355068800000,,,,,0,0.0,0.0,0,,1
20121211,1355155200000,,,,,0,0.0,0.0,0,,1
20121212,1355241600000,,,,,0,0.0,0.0,0,,1
20121213,1355328000000,,,,,0,0.0,0.0,0,,1
20121214,1355414400000,,,,,0,0.0,0.0,0,,1
20121217,1355673600000,,,,,0,0.0,0.0,0,,1
20121218,1355760000000,,,,,0,0.0,0.0,0,,1
20121219,1355846400000,,,,,0,0.0,0.0,0,,1
20121220,1355932800000,,,,,0,0.0,0.0,0,,1
20121221,1356019200000,,,,,0,0.0,0.0,0,,1
20121224,1356278400000,,,,,0,0.0,0.0,0,,1
20121225,1356364800000,,,,,0,0.0,0.0,0,,1
20121226,1356451200000,,,,,0,0.0,0.0,0,,1
20121227,1356537600000,,,,,0,0.0,0.0,0,,1
20121228,1356624000000,,,,,0,0.0,0.0,0,,1
20121231,1356883200000,,,,,0,0.0,0.0,0,,1
20130104,1357228800000,,,,,0,0.0,0.0,0,,1
20130107,1357488000000,,,,,0,0.0,0.0,0,,1
20130108,1357574400000,,,,,0,0.0,0.0,0,,1
20130109,1357660800000,,,,,0,0.0,0.0,0,,1
20130110,1357747200000,,,,,0,0.0,0.0,0,,1
20130111,1357833600000,,,,,0,0.0,0.0,0,,1
20130114,1358092800000,,,,,0,0.0,0.0,0,,1
20130115,1358179200000,,,,,0,0.0,0.0,0,,1
20130116,1358265600000,,,,,0,0.0,0.0,0,,1
20130117,1358352000000,,,,,0,0.0,0.0,0,,1
20130118,1358438400000,,,,,0,0.0,0.0,0,,1
20130121,1358697600000,,,,,0,0.0,0.0,0,,1
20130122,1358784000000,,,,,0,0.0,0.0,0,,1
20130123,1358870400000,,,,,0,0.0,0.0,0,,1
20130124,1358956800000,,,,,0,0.0,0.0,0,,1
20130125,1359043200000,,,,,0,0.0,0.0,0,,1
20130128,1359302400000,,,,,0,0.0,0.0,0,,1
20130129,1359388800000,,,,,0,0.0,0.0,0,,1
20130130,1359475200000,,,,,0,0.0,0.0,0,,1
20130131,1359561600000,,,,,0,0.0,0.0,0,,1
20130201,1359648000000,,,,,0,0.0,0.0,0,,1
20130204,1359907200000,,,,,0,0.0,0.0,0,,1
20130205,1359993600000,,,,,0,0.0,0.0,0,,1
20130206,1360080000000,,,,,0,0.0,0.0,0,,1
20130207,1360166400000,,,,,0,0.0,0.0,0,,1
20130208,1360252800000,,,,,0,0.0,0.0,0,,1
20130218,1361116800000,,,,,0,0.0,0.0,0,,1
20130219,1361203200000,,,,,0,0.0,0.0,0,,1
20130220,1361289600000,,,,,0,0.0,0.0,0,,1
20130221,1361376000000,,,,,0,0.0,0.0,0,,1
20130222,1361462400000,,,,,0,0.0,0.0,0,,1
20130225,1361721600000,,,,,0,0.0,0.0,0,,1
20130226,1361808000000,,,,,0,0.0,0.0,0,,1
20130227,1361894400000,,,,,0,0.0,0.0,0,,1
20130228,1361980800000,,,,,0,0.0,0.0,0,,1
20130301,1362067200000,,,,,0,0.0,0.0,0,,1
20130304,1362326400000,,,,,0,0.0,0.0,0,,1
20130305,1362412800000,,,,,0,0.0,0.0,0,,1
20130306,1362499200000,,,,,0,0.0,0.0,0,,1
20130307,1362585600000,,,,,0,0.0,0.0,0,,1
20130308,1362672000000,,,,,0,0.0,0.0,0,,1
20130311,1362931200000,,,,,0,0.0,0.0,0,,1
20130312,1363017600000,,,,,0,0.0,0.0,0,,1
20130313,1363104000000,,,,,0,0.0,0.0,0,,1
20130314,1363190400000,,,,,0,0.0,0.0,0,,1
20130315,1363276800000,,,,,0,0.0,0.0,0,,1
20130318,1363536000000,,,,,0,0.0,0.0,0,,1
20130319,1363622400000,,,,,0,0.0,0.0,0,,1
20130320,1363708800000,,,,,0,0.0,0.0,0,,1
20130321,1363795200000,,,,,0,0.0,0.0,0,,1
20130322,1363881600000,,,,,0,0.0,0.0,0,,1
20130325,1364140800000,,,,,0,0.0,0.0,0,,1
20130326,1364227200000,,,,,0,0.0,0.0,0,,1
20130327,1364313600000,,,,,0,0.0,0.0,0,,1
20130328,1364400000000,,,,,0,0.0,0.0,0,,1
20130329,1364486400000,,,,,0,0.0,0.0,0,,1
20130401,1364745600000,,,,,0,0.0,0.0,0,,1
20130402,1364832000000,,,,,0,0.0,0.0,0,,1
20130403,1364918400000,,,,,0,0.0,0.0,0,,1
20130408,1365350400000,,,,,0,0.0,0.0,0,,1
20130409,1365436800000,,,,,0,0.0,0.0,0,,1
20130410,1365523200000,,,,,0,0.0,0.0,0,,1
20130411,1365609600000,,,,,0,0.0,0.0,0,,1
20130412,1365696000000,,,,,0,0.0,0.0,0,,1
20130415,1365955200000,,,,,0,0.0,0.0,0,,1
20130416,1366041600000,,,,,0,0.0,0.0,0,,1
20130417,1366128000000,,,,,0,0.0,0.0,0,,1
20130418,1366214400000,,,,,0,0.0,0.0,0,,1
20130419,1366300800000,,,,,0,0.0,0.0,0,,1
20130422,1366560000000,,,,,0,0.0,0.0,0,,1
20130423,1366646400000,,,,,0,0.0,0.0,0,,1
20130424,1366732800000,,,,,0,0.0,0.0,0,,1
20130425,1366819200000,,,,,0,0.0,0.0,0,,1
20130426,1366905600000,,,,,0,0.0,0.0,0,,1
20130502,1367424000000,,,,,0,0.0,0.0,0,,1
20130503,1367510400000,,,,,0,0.0,0.0,0,,1
20130506,1367769600000,,,,,0,0.0,0.0,0,,1
20130507,1367856000000,,,,,0,0.0,0.0,0,,1
20130508,1367942400000,,,,,0,0.0,0.0,0,,1
20130509,1368028800000,,,,,0,0.0,0.0,0,,1
20130510,1368115200000,,,,,0,0.0,0.0,0,,1
20130513,1368374400000,,,,,0,0.0,0.0,0,,1
20130514,1368460800000,,,,,0,0.0,0.0,0,,1
20130515,1368547200000,,,,,0,0.0,0.0,0,,1
20130516,1368633600000,,,,,0,0.0,0.0,0,,1
20130517,1368720000000,,,,,0,0.0,0.0,0,,1
20130520,1368979200000,,,,,0,0.0,0.0,0,,1
20130521,1369065600000,,,,,0,0.0,0.0,0,,1
20130522,1369152000000,,,,,0,0.0,0.0,0,,1
20130523,1369238400000,,,,,0,0.0,0.0,0,,1
20130524,1369324800000,,,,,0,0.0,0.0,0,,1
20130527,1369584000000,,,,,0,0.0,0.0,0,,1
20130528,1369670400000,,,,,0,0.0,0.0,0,,1
20130529,1369756800000,,,,,0,0.0,0.0,0,,1
20130530,1369843200000,,,,,0,0.0,0.0,0,,1
20130531,1369929600000,,,,,0,0.0,0.0,0,,1
20130603,1370188800000,,,,,0,0.0,0.0,0,,1
20130604,1370275200000,,,,,0,0.0,0.0,0,,1
20130605,1370361600000,,,,,0,0.0,0.0,0,,1
20130606,1370448000000,,,,,0,0.0,0.0,0,,1
20130607,1370534400000,,,,,0,0.0,0.0,0,,1
20130613,1371052800000,,,,,0,0.0,0.0,0,,1
20130614,1371139200000,,,,,0,0.0,0.0,0,,1
20130617,1371398400000,,,,,0,0.0,0.0,0,,1
20130618,1371484800000,,,,,0,0.0,0.0,0,,1
20130619,1371571200000,,,,,0,0.0,0.0,0,,1
20130620,1371657600000,,,,,0,0.0,0.0,0,,1
20130621,1371744000000,,,,,0,0.0,0.0,0,,1
20130624,1372003200000,,,,,0,0.0,0.0,0,,1
20130625,1372089600000,,,,,0,0.0,0.0,0,,1
20130626,1372176000000,,,,,0,0.0,0.0,0,,1
20130627,1372262400000,,,,,0,0.0,0.0,0,,1
20130628,1372348800000,,,,,0,0.0,0.0,0,,1
20130701,1372608000000,,,,,0,0.0,0.0,0,,1
20130702,1372694400000,,,,,0,0.0,0.0,0,,1
20130703,1372780800000,,,,,0,0.0,0.0,0,,1
20130704,1372867200000,,,,,0,0.0,0.0,0,,1
20130705,1372953600000,,,,,0,0.0,0.0,0,,1
20130708,1373212800000,,,,,0,0.0,0.0,0,,1
20130709,1373299200000,,,,,0,0.0,0.0,0,,1
20130710,1373385600000,,,,,0,0.0,0.0,0,,1
20130711,1373472000000,,,,,0,0.0,0.0,0,,1
20130712,1373558400000,,,,,0,0.0,0.0,0,,1
20130715,1373817600000,,,,,0,0.0,0.0,0,,1
20130716,1373904000000,,,,,0,0.0,0.0,0,,1
20130717,1373990400000,,,,,0,0.0,0.0,0,,1
20130718,1374076800000,,,,,0,0.0,0.0,0,,1
20130719,1374163200000,,,,,0,0.0,0.0,0,,1
20130722,1374422400000,,,,,0,0.0,0.0,0,,1
20130723,1374508800000,,,,,0,0.0,0.0,0,,1
20130724,1374595200000,,,,,0,0.0,0.0,0,,1
20130725,1374681600000,,,,,0,0.0,0.0,0,,1
20130726,1374768000000,,,,,0,0.0,0.0,0,,1
20130729,1375027200000,,,,,0,0.0,0.0,0,,1
20130730,1375113600000,,,,,0,0.0,0.0,0,,1
20130731,1375200000000,,,,,0,0.0,0.0,0,,1
20130801,1375286400000,,,,,0,0.0,0.0,0,,1
20130802,1375372800000,,,,,0,0.0,0.0,0,,1
20130805,1375632000000,,,,,0,0.0,0.0,0,,1
20130806,1375718400000,,,,,0,0.0,0.0,0,,1
20130807,1375804800000,,,,,0,0.0,0.0,0,,1
20130808,1375891200000,,,,,0,0.0,0.0,0,,1
20130809,1375977600000,,,,,0,0.0,0.0,0,,1
20130812,1376236800000,,,,,0,0.0,0.0,0,,1
20130813,1376323200000,,,,,0,0.0,0.0,0,,1
20130814,1376409600000,,,,,0,0.0,0.0,0,,1
20130815,1376496000000,,,,,0,0.0,0.0,0,,1
20130816,1376582400000,,,,,0,0.0,0.0,0,,1
20130819,1376841600000,,,,,0,0.0,0.0,0,,1
20130820,1376928000000,,,,,0,0.0,0.0,0,,1
20130821,1377014400000,,,,,0,0.0,0.0,0,,1
20130822,1377100800000,,,,,0,0.0,0.0,0,,1
20130823,1377187200000,,,,,0,0.0,0.0,0,,1
20130826,1377446400000,,,,,0,0.0,0.0,0,,1
20130827,1377532800000,,,,,0,0.0,0.0,0,,1
20130828,1377619200000,,,,,0,0.0,0.0,0,,1
20130829,1377705600000,,,,,0,0.0,0.0,0,,1
20130830,1377792000000,,,,,0,0.0,0.0,0,,1
20130902,1378051200000,,,,,0,0.0,0.0,0,,1
20130903,1378137600000,,,,,0,0.0,0.0,0,,1
20130904,1378224000000,,,,,0,0.0,0.0,0,,1
20130905,1378310400000,,,,,0,0.0,0.0,0,,1
20130906,1378396800000,,,,,0,0.0,0.0,0,,1
20130909,1378656000000,,,,,0,0.0,0.0,0,,1
20130910,1378742400000,,,,,0,0.0,0.0,0,,1
20130911,1378828800000,,,,,0,0.0,0.0,0,,1
20130912,1378915200000,,,,,0,0.0,0.0,0,,1
20130913,1379001600000,,,,,0,0.0,0.0,0,,1
20130916,1379260800000,,,,,0,0.0,0.0,0,,1
20130917,1379347200000,,,,,0,0.0,0.0,0,,1
20130918,1379433600000,,,,,0,0.0,0.0,0,,1
20130923,1379865600000,,,,,0,0.0,0.0,0,,1
20130924,1379952000000,,,,,0,0.0,0.0,0,,1
20130925,1380038400000,,,,,0,0.0,0.0,0,,1
20130926,1380124800000,,,,,0,0.0,0.0,0,,1
20130927,1380211200000,,,,,0,0.0,0.0,0,,1
20130930,1380470400000,,,,,0,0.0,0.0,0,,1
20131008,1381161600000,,,,,0,0.0,0.0,0,,1
20131009,1381248000000,,,,,0,0.0,0.0,0,,1
20131010,1381334400000,,,,,0,0.0,0.0,0,,1
20131011,1381420800000,,,,,0,0.0,0.0,0,,1
20131014,1381680000000,,,,,0,0.0,0.0,0,,1
20131015,1381766400000,,,,,0,0.0,0.0,0,,1
20131016,1381852800000,,,,,0,0.0,0.0,0,,1
20131017,1381939200000,,,,,0,0.0,0.0,0,,1
20131018,1382025600000,,,,,0,0.0,0.0,0,,1
20131021,1382284800000,,,,,0,0.0,0.0,0,,1
20131022,1382371200000,,,,,0,0.0,0.0,0,,1
20131023,1382457600000,,,,,0,0.0,0.0,0,,1
20131024,1382544000000,,,,,0,0.0,0.0,0,,1
20131025,1382630400000,,,,,0,0.0,0.0,0,,1
20131028,1382889600000,,,,,0,0.0,0.0,0,,1
20131029,1382976000000,,,,,0,0.0,0.0,0,,1
20131030,1383062400000,,,,,0,0.0,0.0,0,,1
20131031,1383148800000,,,,,0,0.0,0.0,0,,1
20131101,1383235200000,,,,,0,0.0,0.0,0,,1
20131104,1383494400000,,,,,0,0.0,0.0,0,,1
20131105,1383580800000,,,,,0,0.0,0.0,0,,1
20131106,1383667200000,,,,,0,0.0,0.0,0,,1
20131107,1383753600000,,,,,0,0.0,0.0,0,,1
20131108,1383840000000,,,,,0,0.0,0.0,0,,1
20131111,1384099200000,,,,,0,0.0,0.0,0,,1
20131112,1384185600000,,,,,0,0.0,0.0,0,,1
20131113,1384272000000,,,,,0,0.0,0.0,0,,1
20131114,1384358400000,,,,,0,0.0,0.0,0,,1
20131115,1384444800000,,,,,0,0.0,0.0,0,,1
20131118,1384704000000,,,,,0,0.0,0.0,0,,1
20131119,1384790400000,,,,,0,0.0,0.0,0,,1
20131120,1384876800000,,,,,0,0.0,0.0,0,,1
20131121,1384963200000,,,,,0,0.0,0.0,0,,1
20131122,1385049600000,,,,,0,0.0,0.0,0,,1
20131125,1385308800000,,,,,0,0.0,0.0,0,,1
20131126,1385395200000,,,,,0,0.0,0.0,0,,1
20131127,1385481600000,,,,,0,0.0,0.0,0,,1
20131128,1385568000000,,,,,0,0.0,0.0,0,,1
20131129,1385654400000,,,,,0,0.0,0.0,0,,1
20131202,1385913600000,,,,,0,0.0,0.0,0,,1
20131203,1386000000000,,,,,0,0.0,0.0,0,,1
20131204,1386086400000,,,,,0,0.0,0.0,0,,1
20131205,1386172800000,,,,,0,0.0,0.0,0,,1
20131206,1386259200000,,,,,0,0.0,0.0,0,,1
20131209,1386518400000,,,,,0,0.0,0.0,0,,1
20131210,1386604800000,,,,,0,0.0,0.0,0,,1
20131211,1386691200000,,,,,0,0.0,0.0,0,,1
20131212,1386777600000,,,,,0,0.0,0.0,0,,1
20131213,1386864000000,,,,,0,0.0,0.0,0,,1
20131216,1387123200000,,,,,0,0.0,0.0,0,,1
20131217,1387209600000,,,,,0,0.0,0.0,0,,1
20131218,1387296000000,,,,,0,0.0,0.0,0,,1
20131219,1387382400000,,,,,0,0.0,0.0,0,,1
20131220,1387468800000,,,,,0,0.0,0.0,0,,1
20131223,1387728000000,,,,,0,0.0,0.0,0,,1
20131224,1387814400000,,,,,0,0.0,0.0,0,,1
20131225,1387900800000,,,,,0,0.0,0.0,0,,1
20131226,1387987200000,,,,,0,0.0,0.0,0,,1
20131227,1388073600000,,,,,0,0.0,0.0,0,,1
20131230,1388332800000,,,,,0,0.0,0.0,0,,1
20131231,1388419200000,,,,,0,0.0,0.0,0,,1
20140102,1388592000000,,,,,0,0.0,0.0,0,,1
20140103,1388678400000,,,,,0,0.0,0.0,0,,1
20140106,1388937600000,,,,,0,0.0,0.0,0,,1
20140107,1389024000000,,,,,0,0.0,0.0,0,,1
20140108,1389110400000,,,,,0,0.0,0.0,0,,1
20140109,1389196800000,,,,,0,0.0,0.0,0,,1
20140110,1389283200000,,,,,0,0.0,0.0,0,,1
20140113,1389542400000,,,,,0,0.0,0.0,0,,1
20140114,1389628800000,,,,,0,0.0,0.0,0,,1
20140115,1389715200000,,,,,0,0.0,0.0,0,,1
20140116,1389801600000,,,,,0,0.0,0.0,0,,1
20140117,1389888000000,,,,,0,0.0,0.0,0,,1
20140120,1390147200000,,,,,0,0.0,0.0,0,,1
20140121,1390233600000,,,,,0,0.0,0.0,0,,1
20140122,1390320000000,,,,,0,0.0,0.0,0,,1
20140123,1390406400000,,,,,0,0.0,0.0,0,,1
20140124,1390492800000,,,,,0,0.0,0.0,0,,1
20140127,1390752000000,,,,,0,0.0,0.0,0,,1
20140128,1390838400000,,,,,0,0.0,0.0,0,,1
20140129,1390924800000,,,,,0,0.0,0.0,0,,1
20140130,1391011200000,,,,,0,0.0,0.0,0,,1
20140207,1391702400000,,,,,0,0.0,0.0,0,,1
20140210,1391961600000,,,,,0,0.0,0.0,0,,1
20140211,1392048000000,,,,,0,0.0,0.0,0,,1
20140212,1392134400000,,,,,0,0.0,0.0,0,,1
20140213,1392220800000,,,,,0,0.0,0.0,0,,1
20140214,1392307200000,,,,,0,0.0,0.0,0,,1
20140217,1392566400000,,,,,0,0.0,0.0,0,,1
20140218,1392652800000,,,,,0,0.0,0.0,0,,1
20140219,1392739200000,,,,,0,0.0,0.0,0,,1
20140220,1392825600000,,,,,0,0.0,0.0,0,,1
20140221,1392912000000,,,,,0,0.0,0.0,0,,1
20140224,1393171200000,,,,,0,0.0,0.0,0,,1
20140225,1393257600000,,,,,0,0.0,0.0,0,,1
20140226,1393344000000,,,,,0,0.0,0.0,0,,1
20140227,1393430400000,,,,,0,0.0,0.0,0,,1
20140228,1393516800000,,,,,0,0.0,0.0,0,,1
20140303,1393776000000,,,,,0,0.0,0.0,0,,1
20140304,1393862400000,,,,,0,0.0,0.0,0,,1
20140305,1393948800000,,,,,0,0.0,0.0,0,,1
20140306,1394035200000,,,,,0,0.0,0.0,0,,1
20140307,1394121600000,,,,,0,0.0,0.0,0,,1
20140310,1394380800000,,,,,0,0.0,0.0,0,,1
20140311,1394467200000,,,,,0,0.0,0.0,0,,1
20140312,1394553600000,,,,,0,0.0,0.0,0,,1
20140313,1394640000000,,,,,0,0.0,0.0,0,,1
20140314,1394726400000,,,,,0,0.0,0.0,0,,1
20140317,1394985600000,,,,,0,0.0,0.0,0,,1
20140318,1395072000000,,,,,0,0.0,0.0,0,,1
20140319,1395158400000,,,,,0,0.0,0.0,0,,1
20140320,1395244800000,,,,,0,0.0,0.0,0,,1
20140321,1395331200000,,,,,0,0.0,0.0,0,,1
20140324,1395590400000,,,,,0,0.0,0.0,0,,1
20140325,1395676800000,,,,,0,0.0,0.0,0,,1
20140326,1395763200000,,,,,0,0.0,0.0,0,,1
20140327,1395849600000,,,,,0,0.0,0.0,0,,1
20140328,1395936000000,,,,,0,0.0,0.0,0,,1
20140331,1396195200000,,,,,0,0.0,0.0,0,,1
20140401,1396281600000,,,,,0,0.0,0.0,0,,1
20140402,1396368000000,,,,,0,0.0,0.0,0,,1
20140403,1396454400000,,,,,0,0.0,0.0,0,,1
20140404,1396540800000,,,,,0,0.0,0.0,0,,1
20140408,1396886400000,,,,,0,0.0,0.0,0,,1
20140409,1396972800000,,,,,0,0.0,0.0,0,,1
20140410,1397059200000,,,,,0,0.0,0.0,0,,1
20140411,1397145600000,,,,,0,0.0,0.0,0,,1
20140414,1397404800000,,,,,0,0.0,0.0,0,,1
20140415,1397491200000,,,,,0,0.0,0.0,0,,1
20140416,1397577600000,,,,,0,0.0,0.0,0,,1
20140417,1397664000000,,,,,0,0.0,0.0,0,,1
20140418,1397750400000,,,,,0,0.0,0.0,0,,1
20140421,1398009600000,,,,,0,0.0,0.0,0,,1
20140422,1398096000000,,,,,0,0.0,0.0,0,,1
20140423,1398182400000,,,,,0,0.0,0.0,0,,1
20140424,1398268800000,,,,,0,0.0,0.0,0,,1
20140425,1398355200000,,,,,0,0.0,0.0,0,,1
20140428,1398614400000,,,,,0,0.0,0.0,0,,1
20140429,1398700800000,,,,,0,0.0,0.0,0,,1
20140430,1398787200000,,,,,0,0.0,0.0,0,,1
20140505,1399219200000,,,,,0,0.0,0.0,0,,1
20140506,1399305600000,,,,,0,0.0,0.0,0,,1
20140507,1399392000000,,,,,0,0.0,0.0,0,,1
20140508,1399478400000,,,,,0,0.0,0.0,0,,1
20140509,1399564800000,,,,,0,0.0,0.0,0,,1
20140512,1399824000000,,,,,0,0.0,0.0,0,,1
20140513,1399910400000,,,,,0,0.0,0.0,0,,1
20140514,1399996800000,,,,,0,0.0,0.0,0,,1
20140515,1400083200000,,,,,0,0.0,0.0,0,,1
20140516,1400169600000,,,,,0,0.0,0.0,0,,1
20140519,1400428800000,,,,,0,0.0,0.0,0,,1
20140520,1400515200000,,,,,0,0.0,0.0,0,,1
20140521,1400601600000,,,,,0,0.0,0.0,0,,1
20140522,1400688000000,,,,,0,0.0,0.0,0,,1
20140523,1400774400000,,,,,0,0.0,0.0,0,,1
20140526,1401033600000,,,,,0,0.0,0.0,0,,1
20140527,1401120000000,,,,,0,0.0,0.0,0,,1
20140528,1401206400000,,,,,0,0.0,0.0,0,,1
20140529,1401292800000,,,,,0,0.0,0.0,0,,1
20140530,1401379200000,,,,,0,0.0,0.0,0,,1
20140603,1401724800000,,,,,0,0.0,0.0,0,,1
20140604,1401811200000,,,,,0,0.0,0.0,0,,1
20140605,1401897600000,,,,,0,0.0,0.0,0,,1
20140606,1401984000000,,,,,0,0.0,0.0,0,,1
20140609,1402243200000,,,,,0,0.0,0.0,0,,1
20140610,1402329600000,,,,,0,0.0,0.0,0,,1
20140611,1402416000000,,,,,0,0.0,0.0,0,,1
20140612,1402502400000,,,,,0,0.0,0.0,0,,1
20140613,1402588800000,,,,,0,0.0,0.0,0,,1
20140616,1402848000000,,,,,0,0.0,0.0,0,,1
20140617,1402934400000,,,,,0,0.0,0.0,0,,1
20140618,1403020800000,,,,,0,0.0,0.0,0,,1
20140619,1403107200000,,,,,0,0.0,0.0,0,,1
20140620,1403193600000,,,,,0,0.0,0.0,0,,1
20140623,1403452800000,,,,,0,0.0,0.0,0,,1
20140624,1403539200000,,,,,0,0.0,0.0,0,,1
20140625,1403625600000,,,,,0,0.0,0.0,0,,1
20140626,1403712000000,,,,,0,0.0,0.0,0,,1
20140627,1403798400000,,,,,0,0.0,0.0,0,,1
20140630,1404057600000,,,,,0,0.0,0.0,0,,1
20140701,1404144000000,,,,,0,0.0,0.0,0,,1
20140702,1404230400000,,,,,0,0.0,0.0,0,,1
20140703,1404316800000,,,,,0,0.0,0.0,0,,1
20140704,1404403200000,,,,,0,0.0,0.0,0,,1
20140707,1404662400000,,,,,0,0.0,0.0,0,,1
20140708,1404748800000,,,,,0,0.0,0.0,0,,1
20140709,1404835200000,,,,,0,0.0,0.0,0,,1
20140710,1404921600000,,,,,0,0.0,0.0,0,,1
20140711,1405008000000,,,,,0,0.0,0.0,0,,1
20140714,1405267200000,,,,,0,0.0,0.0,0,,1
20140715,1405353600000,,,,,0,0.0,0.0,0,,1
20140716,1405440000000,,,,,0,0.0,0.0,0,,1
20140717,1405526400000,,,,,0,0.0,0.0,0,,1
20140718,1405612800000,,,,,0,0.0,0.0,0,,1
20140721,1405872000000,,,,,0,0.0,0.0,0,,1
20140722,1405958400000,,,,,0,0.0,0.0,0,,1
20140723,1406044800000,,,,,0,0.0,0.0,0,,1
20140724,1406131200000,,,,,0,0.0,0.0,0,,1
20140725,1406217600000,,,,,0,0.0,0.0,0,,1
20140728,1406476800000,,,,,0,0.0,0.0,0,,1
20140729,1406563200000,,,,,0,0.0,0.0,0,,1
20140730,1406649600000,,,,,0,0.0,0.0,0,,1
20140731,1406736000000,,,,,0,0.0,0.0,0,,1
20140801,1406822400000,,,,,0,0.0,0.0,0,,1
20140804,1407081600000,,,,,0,0.0,0.0,0,,1
20140805,1407168000000,,,,,0,0.0,0.0,0,,1
20140806,1407254400000,,,,,0,0.0,0.0,0,,1
20140807,1407340800000,,,,,0,0.0,0.0,0,,1
20140808,1407427200000,,,,,0,0.0,0.0,0,,1
20140811,1407686400000,,,,,0,0.0,0.0,0,,1
20140812,1407772800000,,,,,0,0.0,0.0,0,,1
20140813,1407859200000,,,,,0,0.0,0.0,0,,1
20140814,1407945600000,,,,,0,0.0,0.0,0,,1
20140815,1408032000000,,,,,0,0.0,0.0,0,,1
20140818,1408291200000,,,,,0,0.0,0.0,0,,1
20140819,1408377600000,,,,,0,0.0,0.0,0,,1
20140820,1408464000000,,,,,0,0.0,0.0,0,,1
20140821,1408550400000,,,,,0,0.0,0.0,0,,1
20140822,1408636800000,,,,,0,0.0,0.0,0,,1
20140825,1408896000000,,,,,0,0.0,0.0,0,,1
20140826,1408982400000,,,,,0,0.0,0.0,0,,1
20140827,1409068800000,,,,,0,0.0,0.0,0,,1
20140828,1409155200000,,,,,0,0.0,0.0,0,,1
20140829,1409241600000,,,,,0,0.0,0.0,0,,1
20140901,1409500800000,,,,,0,0.0,0.0,0,,1
20140902,1409587200000,,,,,0,0.0,0.0,0,,1
20140903,1409673600000,,,,,0,0.0,0.0,0,,1
20140904,1409760000000,,,,,0,0.0,0.0,0,,1
20140905,1409846400000,,,,,0,0.0,0.0,0,,1
20140909,1410192000000,,,,,0,0.0,0.0,0,,1
20140910,1410278400000,,,,,0,0.0,0.0,0,,1
20140911,1410364800000,,,,,0,0.0,0.0,0,,1
20140912,1410451200000,,,,,0,0.0,0.0,0,,1
20140915,1410710400000,,,,,0,0.0,0.0,0,,1
20140916,1410796800000,,,,,0,0.0,0.0,0,,1
20140917,1410883200000,,,,,0,0.0,0.0,0,,1
20140918,1410969600000,,,,,0,0.0,0.0,0,,1
20140919,1411056000000,,,,,0,0.0,0.0,0,,1
20140922,1411315200000,,,,,0,0.0,0.0,0,,1
20140923,1411401600000,,,,,0,0.0,0.0,0,,1
20140924,1411488000000,,,,,0,0.0,0.0,0,,1
20140925,1411574400000,,,,,0,0.0,0.0,0,,1
20140926,1411660800000,,,,,0,0.0,0.0,0,,1
20140929,1411920000000,,,,,0,0.0,0.0,0,,1
20140930,1412006400000,,,,,0,0.0,0.0,0,,1
20141008,1412697600000,,,,,0,0.0,0.0,0,,1
20141009,1412784000000,,,,,0,0.0,0.0,0,,1
20141010,1412870400000,,,,,0,0.0,0.0,0,,1
20141013,1413129600000,,,,,0,0.0,0.0,0,,1
20141014,1413216000000,,,,,0,0.0,0.0,0,,1
20141015,1413302400000,,,,,0,0.0,0.0,0,,1
20141016,1413388800000,,,,,0,0.0,0.0,0,,1
20141017,1413475200000,,,,,0,0.0,0.0,0,,1
20141020,1413734400000,,,,,0,0.0,0.0,0,,1
20141021,1413820800000,,,,,0,0.0,0.0,0,,1
20141022,1413907200000,,,,,0,0.0,0.0,0,,1
20141023,1413993600000,,,,,0,0.0,0.0,0,,1
20141024,1414080000000,,,,,0,0.0,0.0,0,,1
20141027,1414339200000,,,,,0,0.0,0.0,0,,1
20141028,1414425600000,,,,,0,0.0,0.0,0,,1
20141029,1414512000000,,,,,0,0.0,0.0,0,,1
20141030,1414598400000,,,,,0,0.0,0.0,0,,1
20141031,1414684800000,,,,,0,0.0,0.0,0,,1
20141103,1414944000000,,,,,0,0.0,0.0,0,,1
20141104,1415030400000,,,,,0,0.0,0.0,0,,1
20141105,1415116800000,,,,,0,0.0,0.0,0,,1
20141106,1415203200000,,,,,0,0.0,0.0,0,,1
20141107,1415289600000,,,,,0,0.0,0.0,0,,1
20141110,1415548800000,,,,,0,0.0,0.0,0,,1
20141111,1415635200000,,,,,0,0.0,0.0,0,,1
20141112,1415721600000,,,,,0,0.0,0.0,0,,1
20141113,1415808000000,,,,,0,0.0,0.0,0,,1
20141114,1415894400000,,,,,0,0.0,0.0,0,,1
20141117,1416153600000,,,,,0,0.0,0.0,0,,1
20141118,1416240000000,,,,,0,0.0,0.0,0,,1
20141119,1416326400000,,,,,0,0.0,0.0,0,,1
20141120,1416412800000,,,,,0,0.0,0.0,0,,1
20141121,1416499200000,,,,,0,0.0,0.0,0,,1
20141124,1416758400000,,,,,0,0.0,0.0,0,,1
20141125,1416844800000,,,,,0,0.0,0.0,0,,1
20141126,1416931200000,,,,,0,0.0,0.0,0,,1
20141127,1417017600000,,,,,0,0.0,0.0,0,,1
20141128,1417104000000,,,,,0,0.0,0.0,0,,1
20141201,1417363200000,,,,,0,0.0,0.0,0,,1
20141202,1417449600000,,,,,0,0.0,0.0,0,,1
20141203,1417536000000,,,,,0,0.0,0.0,0,,1
20141204,1417622400000,,,,,0,0.0,0.0,0,,1
20141205,1417708800000,,,,,0,0.0,0.0,0,,1
20141208,1417968000000,,,,,0,0.0,0.0,0,,1
20141209,1418054400000,,,,,0,0.0,0.0,0,,1
20141210,1418140800000,,,,,0,0.0,0.0,0,,1
20141211,1418227200000,,,,,0,0.0,0.0,0,,1
20141212,1418313600000,,,,,0,0.0,0.0,0,,1
20141215,1418572800000,,,,,0,0.0,0.0,0,,1
20141216,1418659200000,,,,,0,0.0,0.0,0,,1
20141217,1418745600000,,,,,0,0.0,0.0,0,,1
20141218,1418832000000,,,,,0,0.0,0.0,0,,1
20141219,1418918400000,,,,,0,0.0,0.0,0,,1
20141222,1419177600000,,,,,0,0.0,0.0,0,,1
20141223,1419264000000,,,,,0,0.0,0.0,0,,1
20141224,1419350400000,,,,,0,0.0,0.0,0,,1
20141225,1419436800000,,,,,0,0.0,0.0,0,,1
20141226,1419523200000,,,,,0,0.0,0.0,0,,1
20141229,1419782400000,,,,,0,0.0,0.0,0,,1
20141230,1419868800000,,,,,0,0.0,0.0,0,,1
20141231,1419955200000,,,,,0,0.0,0.0,0,,1
20150105,1420387200000,,,,,0,0.0,0.0,0,,1
20150106,1420473600000,,,,,0,0.0,0.0,0,,1
20150107,1420560000000,,,,,0,0.0,0.0,0,,1
20150108,1420646400000,,,,,0,0.0,0.0,0,,1
20150109,1420732800000,,,,,0,0.0,0.0,0,,1
20150112,1420992000000,,,,,0,0.0,0.0,0,,1
20150113,1421078400000,,,,,0,0.0,0.0,0,,1
20150114,1421164800000,,,,,0,0.0,0.0,0,,1
20150115,1421251200000,,,,,0,0.0,0.0,0,,1
20150116,1421337600000,,,,,0,0.0,0.0,0,,1
20150119,1421596800000,,,,,0,0.0,0.0,0,,1
20150120,1421683200000,,,,,0,0.0,0.0,0,,1
20150121,1421769600000,,,,,0,0.0,0.0,0,,1
20150122,1421856000000,,,,,0,0.0,0.0,0,,1
20150123,1421942400000,,,,,0,0.0,0.0,0,,1
20150126,1422201600000,,,,,0,0.0,0.0,0,,1
20150127,1422288000000,,,,,0,0.0,0.0,0,,1
20150128,1422374400000,,,,,0,0.0,0.0,0,,1
20150129,1422460800000,,,,,0,0.0,0.0,0,,1
20150130,1422547200000,,,,,0,0.0,0.0,0,,1
20150202,1422806400000,,,,,0,0.0,0.0,0,,1
20150203,1422892800000,,,,,0,0.0,0.0,0,,1
20150204,1422979200000,,,,,0,0.0,0.0,0,,1
20150205,1423065600000,,,,,0,0.0,0.0,0,,1
20150206,1423152000000,,,,,0,0.0,0.0,0,,1
20150209,1423411200000,,,,,0,0.0,0.0,0,,1
20150210,1423497600000,,,,,0,0.0,0.0,0,,1
20150211,1423584000000,,,,,0,0.0,0.0,0,,1
20150212,1423670400000,,,,,0,0.0,0.0,0,,1
20150213,1423756800000,,,,,0,0.0,0.0,0,,1
20150216,1424016000000,,,,,0,0.0,0.0,0,,1
20150217,1424102400000,,,,,0,0.0,0.0,0,,1
20150225,1424793600000,,,,,0,0.0,0.0,0,,1
20150226,1424880000000,,,,,0,0.0,0.0,0,,1
20150227,1424966400000,,,,,0,0.0,0.0,0,,1
20150302,1425225600000,,,,,0,0.0,0.0,0,,1
20150303,1425312000000,,,,,0,0.0,0.0,0,,1
20150304,1425398400000,,,,,0,0.0,0.0,0,,1
20150305,1425484800000,,,,,0,0.0,0.0,0,,1
20150306,1425571200000,,,,,0,0.0,0.0,0,,1
20150309,1425830400000,,,,,0,0.0,0.0,0,,1
20150310,1425916800000,,,,,0,0.0,0.0,0,,1
20150311,1426003200000,,,,,0,0.0,0.0,0,,1
20150312,1426089600000,,,,,0,0.0,0.0,0,,1
20150313,1426176000000,,,,,0,0.0,0.0,0,,1
20150316,1426435200000,,,,,0,0.0,0.0,0,,1
20150317,1426521600000,,,,,0,0.0,0.0,0,,1
20150318,1426608000000,,,,,0,0.0,0.0,0,,1
20150319,1426694400000,,,,,0,0.0,0.0,0,,1
20150320,1426780800000,,,,,0,0.0,0.0,0,,1
20150323,1427040000000,,,,,0,0.0,0.0,0,,1
20150324,1427126400000,,,,,0,0.0,0.0,0,,1
20150325,1427212800000,,,,,0,0.0,0.0,0,,1
20150326,1427299200000,,,,,0,0.0,0.0,0,,1
20150327,1427385600000,,,,,0,0.0,0.0,0,,1
20150330,1427644800000,,,,,0,0.0,0.0,0,,1
20150331,1427731200000,,,,,0,0.0,0.0,0,,1
20150401,1427817600000,,,,,0,0.0,0.0,0,,1
20150402,1427904000000,,,,,0,0.0,0.0,0,,1
20150403,1427990400000,,,,,0,0.0,0.0,0,,1
20150407,1428336000000,,,,,0,0.0,0.0,0,,1
20150408,1428422400000,,,,,0,0.0,0.0,0,,1
20150409,1428508800000,,,,,0,0.0,0.0,0,,1
20150410,1428595200000,,,,,0,0.0,0.0,0,,1
20150413,1428854400000,,,,,0,0.0,0.0,0,,1
20150414,1428940800000,,,,,0,0.0,0.0,0,,1
20150415,1429027200000,,,,,0,0.0,0.0,0,,1
20150416,1429113600000,,,,,0,0.0,0.0,0,,1
20150417,1429200000000,,,,,0,0.0,0.0,0,,1
20150420,1429459200000,,,,,0,0.0,0.0,0,,1
20150421,1429545600000,,,,,0,0.0,0.0,0,,1
20150422,1429632000000,,,,,0,0.0,0.0,0,,1
20150423,1429718400000,,,,,0,0.0,0.0,0,,1
20150424,1429804800000,,,,,0,0.0,0.0,0,,1
20150427,1430064000000,,,,,0,0.0,0.0,0,,1
20150428,1430150400000,,,,,0,0.0,0.0,0,,1
20150429,1430236800000,,,,,0,0.0,0.0,0,,1
20150430,1430323200000,,,,,0,0.0,0.0,0,,1
20150504,1430668800000,,,,,0,0.0,0.0,0,,1
20150505,1430755200000,,,,,0,0.0,0.0,0,,1
20150506,1430841600000,,,,,0,0.0,0.0,0,,1
20150507,1430928000000,,,,,0,0.0,0.0,0,,1
20150508,1431014400000,,,,,0,0.0,0.0,0,,1
20150511,1431273600000,,,,,0,0.0,0.0,0,,1
20150512,1431360000000,,,,,0,0.0,0.0,0,,1
20150513,1431446400000,,,,,0,0.0,0.0,0,,1
20150514,1431532800000,,,,,0,0.0,0.0,0,,1
20150515,1431619200000,,,,,0,0.0,0.0,0,,1
20150518,1431878400000,,,,,0,0.0,0.0,0,,1
20150519,1431964800000,,,,,0,0.0,0.0,0,,1
20150520,1432051200000,,,,,0,0.0,0.0,0,,1
20150521,1432137600000,,,,,0,0.0,0.0,0,,1
20150522,1432224000000,,,,,0,0.0,0.0,0,,1
20150525,1432483200000,,,,,0,0.0,0.0,0,,1
20150526,1432569600000,,,,,0,0.0,0.0,0,,1
20150527,1432656000000,,,,,0,0.0,0.0,0,,1
20150528,1432742400000,,,,,0,0.0,0.0,0,,1
20150529,1432828800000,,,,,0,0.0,0.0,0,,1
20150601,1433088000000,,,,,0,0.0,0.0,0,,1
20150602,1433174400000,,,,,0,0.0,0.0,0,,1
20150603,1433260800000,,,,,0,0.0,0.0,0,,1
20150604,1433347200000,,,,,0,0.0,0.0,0,,1
20150605,1433433600000,,,,,0,0.0,0.0,0,,1
20150608,1433692800000,,,,,0,0.0,0.0,0,,1
20150609,1433779200000,,,,,0,0.0,0.0,0,,1
20150610,1433865600000,,,,,0,0.0,0.0,0,,1
20150611,1433952000000,,,,,0,0.0,0.0,0,,1
20150612,1434038400000,,,,,0,0.0,0.0,0,,1
20150615,1434297600000,,,,,0,0.0,0.0,0,,1
20150616,1434384000000,,,,,0,0.0,0.0,0,,1
20150617,1434470400000,,,,,0,0.0,0.0,0,,1
20150618,1434556800000,,,,,0,0.0,0.0,0,,1
20150619,1434643200000,,,,,0,0.0,0.0,0,,1
20150623,1434988800000,,,,,0,0.0,0.0,0,,1
20150624,1435075200000,,,,,0,0.0,0.0,0,,1
20150625,1435161600000,,,,,0,0.0,0.0,0,,1
20150626,1435248000000,,,,,0,0.0,0.0,0,,1
20150629,1435507200000,,,,,0,0.0,0.0,0,,1
20150630,1435593600000,,,,,0,0.0,0.0,0,,1
20150701,1435680000000,,,,,0,0.0,0.0,0,,1
20150702,1435766400000,,,,,0,0.0,0.0,0,,1
20150703,1435852800000,,,,,0,0.0,0.0,0,,1
20150706,1436112000000,,,,,0,0.0,0.0,0,,1
20150707,1436198400000,,,,,0,0.0,0.0,0,,1
20150708,1436284800000,,,,,0,0.0,0.0,0,,1
20150709,1436371200000,,,,,0,0.0,0.0,0,,1
20150710,1436457600000,,,,,0,0.0,0.0,0,,1
20150713,1436716800000,,,,,0,0.0,0.0,0,,1
20150714,1436803200000,,,,,0,0.0,0.0,0,,1
20150715,1436889600000,,,,,0,0.0,0.0,0,,1
20150716,1436976000000,,,,,0,0.0,0.0,0,,1
20150717,1437062400000,,,,,0,0.0,0.0,0,,1
20150720,1437321600000,,,,,0,0.0,0.0,0,,1
20150721,1437408000000,,,,,0,0.0,0.0,0,,1
20150722,1437494400000,,,,,0,0.0,0.0,0,,1
20150723,1437580800000,,,,,0,0.0,0.0,0,,1
20150724,1437667200000,,,,,0,0.0,0.0,0,,1
20150727,1437926400000,,,,,0,0.0,0.0,0,,1
20150728,1438012800000,,,,,0,0.0,0.0,0,,1
20150729,1438099200000,,,,,0,0.0,0.0,0,,1
20150730,1438185600000,,,,,0,0.0,0.0,0,,1
20150731,1438272000000,,,,,0,0.0,0.0,0,,1
20150803,1438531200000,,,,,0,0.0,0.0,0,,1
20150804,1438617600000,,,,,0,0.0,0.0,0,,1
20150805,1438704000000,,,,,0,0.0,0.0,0,,1
20150806,1438790400000,,,,,0,0.0,0.0,0,,1
20150807,1438876800000,,,,,0,0.0,0.0,0,,1
20150810,1439136000000,,,,,0,0.0,0.0,0,,1
20150811,1439222400000,,,,,0,0.0,0.0,0,,1
20150812,1439308800000,,,,,0,0.0,0.0,0,,1
20150813,1439395200000,,,,,0,0.0,0.0,0,,1
20150814,1439481600000,,,,,0,0.0,0.0,0,,1
20150817,1439740800000,,,,,0,0.0,0.0,0,,1
20150818,1439827200000,,,,,0,0.0,0.0,0,,1
20150819,1439913600000,,,,,0,0.0,0.0,0,,1
20150820,1440000000000,,,,,0,0.0,0.0,0,,1
20150821,1440086400000,,,,,0,0.0,0.0,0,,1
20150824,1440345600000,,,,,0,0.0,0.0,0,,1
20150825,1440432000000,,,,,0,0.0,0.0,0,,1
20150826,1440518400000,,,,,0,0.0,0.0,0,,1
20150827,1440604800000,,,,,0,0.0,0.0,0,,1
20150828,1440691200000,,,,,0,0.0,0.0,0,,1
20150831,1440950400000,,,,,0,0.0,0.0,0,,1
20150901,1441036800000,,,,,0,0.0,0.0,0,,1
20150902,1441123200000,,,,,0,0.0,0.0,0,,1
20150907,1441555200000,,,,,0,0.0,0.0,0,,1
20150908,1441641600000,,,,,0,0.0,0.0,0,,1
20150909,1441728000000,,,,,0,0.0,0.0,0,,1
20150910,1441814400000,,,,,0,0.0,0.0,0,,1
20150911,1441900800000,,,,,0,0.0,0.0,0,,1
20150914,1442160000000,,,,,0,0.0,0.0,0,,1
20150915,1442246400000,,,,,0,0.0,0.0,0,,1
20150916,1442332800000,,,,,0,0.0,0.0,0,,1
20150917,1442419200000,,,,,0,0.0,0.0,0,,1
20150918,1442505600000,,,,,0,0.0,0.0,0,,1
20150921,1442764800000,,,,,0,0.0,0.0,0,,1
20150922,1442851200000,,,,,0,0.0,0.0,0,,1
20150923,1442937600000,,,,,0,0.0,0.0,0,,1
20150924,1443024000000,,,,,0,0.0,0.0,0,,1
20150925,1443110400000,,,,,0,0.0,0.0,0,,1
20150928,1443369600000,,,,,0,0.0,0.0,0,,1
20150929,1443456000000,,,,,0,0.0,0.0,0,,1
20150930,1443542400000,,,,,0,0.0,0.0,0,,1
20151008,1444233600000,,,,,0,0.0,0.0,0,,1
20151009,1444320000000,,,,,0,0.0,0.0,0,,1
20151012,1444579200000,,,,,0,0.0,0.0,0,,1
20151013,1444665600000,,,,,0,0.0,0.0,0,,1
20151014,1444752000000,,,,,0,0.0,0.0,0,,1
20151015,1444838400000,,,,,0,0.0,0.0,0,,1
20151016,1444924800000,,,,,0,0.0,0.0,0,,1
20151019,1445184000000,,,,,0,0.0,0.0,0,,1
20151020,1445270400000,,,,,0,0.0,0.0,0,,1
20151021,1445356800000,,,,,0,0.0,0.0,0,,1
20151022,1445443200000,,,,,0,0.0,0.0,0,,1
20151023,1445529600000,,,,,0,0.0,0.0,0,,1
20151026,1445788800000,,,,,0,0.0,0.0,0,,1
20151027,1445875200000,,,,,0,0.0,0.0,0,,1
20151028,1445961600000,,,,,0,0.0,0.0,0,,1
20151029,1446048000000,,,,,0,0.0,0.0,0,,1
20151030,1446134400000,,,,,0,0.0,0.0,0,,1
20151102,1446393600000,,,,,0,0.0,0.0,0,,1
20151103,1446480000000,,,,,0,0.0,0.0,0,,1
20151104,1446566400000,,,,,0,0.0,0.0,0,,1
20151105,1446652800000,,,,,0,0.0,0.0,0,,1
20151106,1446739200000,,,,,0,0.0,0.0,0,,1
20151109,1446998400000,,,,,0,0.0,0.0,0,,1
20151110,1447084800000,,,,,0,0.0,0.0,0,,1
20151111,1447171200000,,,,,0,0.0,0.0,0,,1
20151112,1447257600000,,,,,0,0.0,0.0,0,,1
20151113,1447344000000,,,,,0,0.0,0.0,0,,1
20151116,1447603200000,,,,,0,0.0,0.0,0,,1
20151117,1447689600000,,,,,0,0.0,0.0,0,,1
20151118,1447776000000,,,,,0,0.0,0.0,0,,1
20151119,1447862400000,,,,,0,0.0,0.0,0,,1
20151120,1447948800000,,,,,0,0.0,0.0,0,,1
20151123,1448208000000,,,,,0,0.0,0.0,0,,1
20151124,1448294400000,,,,,0,0.0,0.0,0,,1
20151125,1448380800000,,,,,0,0.0,0.0,0,,1
20151126,1448467200000,,,,,0,0.0,0.0,0,,1
20151127,1448553600000,,,,,0,0.0,0.0,0,,1
20151130,1448812800000,,,,,0,0.0,0.0,0,,1
20151201,1448899200000,,,,,0,0.0,0.0,0,,1
20151202,1448985600000,,,,,0,0.0,0.0,0,,1
20151203,1449072000000,,,,,0,0.0,0.0,0,,1
20151204,1449158400000,,,,,0,0.0,0.0,0,,1
20151207,1449417600000,,,,,0,0.0,0.0,0,,1
20151208,1449504000000,,,,,0,0.0,0.0,0,,1
20151209,1449590400000,,,,,0,0.0,0.0,0,,1
20151210,1449676800000,,,,,0,0.0,0.0,0,,1
20151211,1449763200000,,,,,0,0.0,0.0,0,,1
20151214,1450022400000,,,,,0,0.0,0.0,0,,1
20151215,1450108800000,,,,,0,0.0,0.0,0,,1
20151216,1450195200000,,,,,0,0.0,0.0,0,,1
20151217,1450281600000,,,,,0,0.0,0.0,0,,1
20151218,1450368000000,,,,,0,0.0,0.0,0,,1
20151221,1450627200000,,,,,0,0.0,0.0,0,,1
20151222,1450713600000,,,,,0,0.0,0.0,0,,1
20151223,1450800000000,,,,,0,0.0,0.0,0,,1
20151224,1450886400000,,,,,0,0.0,0.0,0,,1
20151225,1450972800000,,,,,0,0.0,0.0,0,,1
20151228,1451232000000,,,,,0,0.0,0.0,0,,1
20151229,1451318400000,,,,,0,0.0,0.0,0,,1
20151230,1451404800000,,,,,0,0.0,0.0,0,,1
20151231,1451491200000,,,,,0,0.0,0.0,0,,1
20160104,1451836800000,,,,,0,0.0,0.0,0,,1
20160105,1451923200000,,,,,0,0.0,0.0,0,,1
20160106,1452009600000,,,,,0,0.0,0.0,0,,1
20160107,1452096000000,,,,,0,0.0,0.0,0,,1
20160108,1452182400000,,,,,0,0.0,0.0,0,,1
20160111,1452441600000,,,,,0,0.0,0.0,0,,1
20160112,1452528000000,,,,,0,0.0,0.0,0,,1
20160113,1452614400000,,,,,0,0.0,0.0,0,,1
20160114,1452700800000,,,,,0,0.0,0.0,0,,1
20160115,1452787200000,,,,,0,0.0,0.0,0,,1
20160118,1453046400000,,,,,0,0.0,0.0,0,,1
20160119,1453132800000,,,,,0,0.0,0.0,0,,1
20160120,1453219200000,,,,,0,0.0,0.0,0,,1
20160121,1453305600000,,,,,0,0.0,0.0,0,,1
20160122,1453392000000,,,,,0,0.0,0.0,0,,1
20160125,1453651200000,,,,,0,0.0,0.0,0,,1
20160126,1453737600000,,,,,0,0.0,0.0,0,,1
20160127,1453824000000,,,,,0,0.0,0.0,0,,1
20160128,1453910400000,,,,,0,0.0,0.0,0,,1
20160129,1453996800000,,,,,0,0.0,0.0,0,,1
20160201,1454256000000,,,,,0,0.0,0.0,0,,1
20160202,1454342400000,,,,,0,0.0,0.0,0,,1
20160203,1454428800000,,,,,0,0.0,0.0,0,,1
20160204,1454515200000,,,,,0,0.0,0.0,0,,1
20160205,1454601600000,,,,,0,0.0,0.0,0,,1
20160215,1455465600000,,,,,0,0.0,0.0,0,,1
20160216,1455552000000,,,,,0,0.0,0.0,0,,1
20160217,1455638400000,,,,,0,0.0,0.0,0,,1
20160218,1455724800000,,,,,0,0.0,0.0,0,,1
20160219,1455811200000,,,,,0,0.0,0.0,0,,1
20160222,1456070400000,,,,,0,0.0,0.0,0,,1
20160223,1456156800000,,,,,0,0.0,0.0,0,,1
20160224,1456243200000,,,,,0,0.0,0.0,0,,1
20160225,1456329600000,,,,,0,0.0,0.0,0,,1
20160226,1456416000000,,,,,0,0.0,0.0,0,,1
20160229,1456675200000,,,,,0,0.0,0.0,0,,1
20160301,1456761600000,,,,,0,0.0,0.0,0,,1
20160302,1456848000000,,,,,0,0.0,0.0,0,,1
20160303,1456934400000,,,,,0,0.0,0.0,0,,1
20160304,1457020800000,,,,,0,0.0,0.0,0,,1
20160307,1457280000000,,,,,0,0.0,0.0,0,,1
20160308,1457366400000,,,,,0,0.0,0.0,0,,1
20160309,1457452800000,,,,,0,0.0,0.0,0,,1
20160310,1457539200000,,,,,0,0.0,0.0,0,,1
20160311,1457625600000,,,,,0,0.0,0.0,0,,1
20160314,1457884800000,,,,,0,0.0,0.0,0,,1
20160315,1457971200000,,,,,0,0.0,0.0,0,,1
20160316,1458057600000,,,,,0,0.0,0.0,0,,1
20160317,1458144000000,,,,,0,0.0,0.0,0,,1
20160318,1458230400000,,,,,0,0.0,0.0,0,,1
20160321,1458489600000,,,,,0,0.0,0.0,0,,1
20160322,1458576000000,,,,,0,0.0,0.0,0,,1
20160323,1458662400000,,,,,0,0.0,0.0,0,,1
20160324,1458748800000,,,,,0,0.0,0.0,0,,1
20160325,1458835200000,,,,,0,0.0,0.0,0,,1
20160328,1459094400000,,,,,0,0.0,0.0,0,,1
20160329,1459180800000,,,,,0,0.0,0.0,0,,1
20160330,1459267200000,,,,,0,0.0,0.0,0,,1
20160331,1459353600000,,,,,0,0.0,0.0,0,,1
20160401,1459440000000,,,,,0,0.0,0.0,0,,1
20160405,1459785600000,,,,,0,0.0,0.0,0,,1
20160406,1459872000000,,,,,0,0.0,0.0,0,,1
20160407,1459958400000,,,,,0,0.0,0.0,0,,1
20160408,1460044800000,,,,,0,0.0,0.0,0,,1
20160411,1460304000000,,,,,0,0.0,0.0,0,,1
20160412,1460390400000,,,,,0,0.0,0.0,0,,1
20160413,1460476800000,,,,,0,0.0,0.0,0,,1
20160414,1460563200000,,,,,0,0.0,0.0,0,,1
20160415,1460649600000,,,,,0,0.0,0.0,0,,1
20160418,1460908800000,,,,,0,0.0,0.0,0,,1
20160419,1460995200000,,,,,0,0.0,0.0,0,,1
20160420,1461081600000,,,,,0,0.0,0.0,0,,1
20160421,1461168000000,,,,,0,0.0,0.0,0,,1
20160422,1461254400000,,,,,0,0.0,0.0,0,,1
20160425,1461513600000,,,,,0,0.0,0.0,0,,1
20160426,1461600000000,,,,,0,0.0,0.0,0,,1
20160427,1461686400000,,,,,0,0.0,0.0,0,,1
20160428,1461772800000,,,,,0,0.0,0.0,0,,1
20160429,1461859200000,,,,,0,0.0,0.0,0,,1
20160503,1462204800000,,,,,0,0.0,0.0,0,,1
20160504,1462291200000,,,,,0,0.0,0.0,0,,1
20160505,1462377600000,,,,,0,0.0,0.0,0,,1
20160506,1462464000000,,,,,0,0.0,0.0,0,,1
20160509,1462723200000,,,,,0,0.0,0.0,0,,1
20160510,1462809600000,,,,,0,0.0,0.0,0,,1
20160511,1462896000000,,,,,0,0.0,0.0,0,,1
20160512,1462982400000,,,,,0,0.0,0.0,0,,1
20160513,1463068800000,,,,,0,0.0,0.0,0,,1
20160516,1463328000000,,,,,0,0.0,0.0,0,,1
20160517,1463414400000,,,,,0,0.0,0.0,0,,1
20160518,1463500800000,,,,,0,0.0,0.0,0,,1
20160519,1463587200000,,,,,0,0.0,0.0,0,,1
20160520,1463673600000,,,,,0,0.0,0.0,0,,1
20160523,1463932800000,,,,,0,0.0,0.0,0,,1
20160524,1464019200000,,,,,0,0.0,0.0,0,,1
20160525,1464105600000,,,,,0,0.0,0.0,0,,1
20160526,1464192000000,,,,,0,0.0,0.0,0,,1
20160527,1464278400000,,,,,0,0.0,0.0,0,,1
20160530,1464537600000,,,,,0,0.0,0.0,0,,1
20160531,1464624000000,,,,,0,0.0,0.0,0,,1
20160601,1464710400000,,,,,0,0.0,0.0,0,,1
20160602,1464796800000,,,,,0,0.0,0.0,0,,1
20160603,1464883200000,,,,,0,0.0,0.0,0,,1
20160606,1465142400000,,,,,0,0.0,0.0,0,,1
20160607,1465228800000,,,,,0,0.0,0.0,0,,1
20160608,1465315200000,,,,,0,0.0,0.0,0,,1
20160613,1465747200000,,,,,0,0.0,0.0,0,,1
20160614,1465833600000,,,,,0,0.0,0.0,0,,1
20160615,1465920000000,,,,,0,0.0,0.0,0,,1
20160616,1466006400000,,,,,0,0.0,0.0,0,,1
20160617,1466092800000,,,,,0,0.0,0.0,0,,1
20160620,1466352000000,,,,,0,0.0,0.0,0,,1
20160621,1466438400000,,,,,0,0.0,0.0,0,,1
20160622,1466524800000,,,,,0,0.0,0.0,0,,1
20160623,1466611200000,,,,,0,0.0,0.0,0,,1
20160624,1466697600000,,,,,0,0.0,0.0,0,,1
20160627,1466956800000,,,,,0,0.0,0.0,0,,1
20160628,1467043200000,,,,,0,0.0,0.0,0,,1
20160629,1467129600000,,,,,0,0.0,0.0,0,,1
20160630,1467216000000,,,,,0,0.0,0.0,0,,1
20160701,1467302400000,,,,,0,0.0,0.0,0,,1
20160704,1467561600000,,,,,0,0.0,0.0,0,,1
20160705,1467648000000,,,,,0,0.0,0.0,0,,1
20160706,1467734400000,,,,,0,0.0,0.0,0,,1
20160707,1467820800000,,,,,0,0.0,0.0,0,,1
20160708,1467907200000,,,,,0,0.0,0.0,0,,1
20160711,1468166400000,,,,,0,0.0,0.0,0,,1
20160712,1468252800000,,,,,0,0.0,0.0,0,,1
20160713,1468339200000,,,,,0,0.0,0.0,0,,1
20160714,1468425600000,,,,,0,0.0,0.0,0,,1
20160715,1468512000000,,,,,0,0.0,0.0,0,,1
20160718,1468771200000,,,,,0,0.0,0.0,0,,1
20160719,1468857600000,,,,,0,0.0,0.0,0,,1
20160720,1468944000000,,,,,0,0.0,0.0,0,,1
20160721,1469030400000,,,,,0,0.0,0.0,0,,1
20160722,1469116800000,,,,,0,0.0,0.0,0,,1
20160725,1469376000000,,,,,0,0.0,0.0,0,,1
20160726,1469462400000,,,,,0,0.0,0.0,0,,1
20160727,1469548800000,,,,,0,0.0,0.0,0,,1
20160728,1469635200000,,,,,0,0.0,0.0,0,,1
20160729,1469721600000,,,,,0,0.0,0.0,0,,1
20160801,1469980800000,,,,,0,0.0,0.0,0,,1
20160802,1470067200000,,,,,0,0.0,0.0,0,,1
20160803,1470153600000,,,,,0,0.0,0.0,0,,1
20160804,1470240000000,,,,,0,0.0,0.0,0,,1
20160805,1470326400000,,,,,0,0.0,0.0,0,,1
20160808,1470585600000,,,,,0,0.0,0.0,0,,1
20160809,1470672000000,,,,,0,0.0,0.0,0,,1
20160810,1470758400000,,,,,0,0.0,0.0,0,,1
20160811,1470844800000,,,,,0,0.0,0.0,0,,1
20160812,1470931200000,,,,,0,0.0,0.0,0,,1
20160815,1471190400000,,,,,0,0.0,0.0,0,,1
20160816,1471276800000,,,,,0,0.0,0.0,0,,1
20160817,1471363200000,,,,,0,0.0,0.0,0,,1
20160818,1471449600000,,,,,0,0.0,0.0,0,,1
20160819,1471536000000,,,,,0,0.0,0.0,0,,1
20160822,1471795200000,,,,,0,0.0,0.0,0,,1
20160823,1471881600000,,,,,0,0.0,0.0,0,,1
20160824,1471968000000,,,,,0,0.0,0.0,0,,1
20160825,1472054400000,,,,,0,0.0,0.0,0,,1
20160826,1472140800000,,,,,0,0.0,0.0,0,,1
20160829,1472400000000,,,,,0,0.0,0.0,0,,1
20160830,1472486400000,,,,,0,0.0,0.0,0,,1
20160831,1472572800000,,,,,0,0.0,0.0,0,,1
20160901,1472659200000,,,,,0,0.0,0.0,0,,1
20160902,1472745600000,,,,,0,0.0,0.0,0,,1
20160905,1473004800000,,,,,0,0.0,0.0,0,,1
20160906,1473091200000,,,,,0,0.0,0.0,0,,1
20160907,1473177600000,,,,,0,0.0,0.0,0,,1
20160908,1473264000000,,,,,0,0.0,0.0,0,,1
20160909,1473350400000,,,,,0,0.0,0.0,0,,1
20160912,1473609600000,,,,,0,0.0,0.0,0,,1
20160913,1473696000000,,,,,0,0.0,0.0,0,,1
20160914,1473782400000,,,,,0,0.0,0.0,0,,1
20160919,1474214400000,,,,,0,0.0,0.0,0,,1
20160920,1474300800000,,,,,0,0.0,0.0,0,,1
20160921,1474387200000,,,,,0,0.0,0.0,0,,1
20160922,1474473600000,,,,,0,0.0,0.0,0,,1
20160923,1474560000000,,,,,0,0.0,0.0,0,,1
20160926,1474819200000,,,,,0,0.0,0.0,0,,1
20160927,1474905600000,,,,,0,0.0,0.0,0,,1
20160928,1474992000000,,,,,0,0.0,0.0,0,,1
20160929,1475078400000,,,,,0,0.0,0.0,0,,1
20160930,1475164800000,,,,,0,0.0,0.0,0,,1
20161010,1476028800000,,,,,0,0.0,0.0,0,,1
20161011,1476115200000,,,,,0,0.0,0.0,0,,1
20161012,1476201600000,,,,,0,0.0,0.0,0,,1
20161013,1476288000000,,,,,0,0.0,0.0,0,,1
20161014,1476374400000,,,,,0,0.0,0.0,0,,1
20161017,1476633600000,,,,,0,0.0,0.0,0,,1
20161018,1476720000000,,,,,0,0.0,0.0,0,,1
20161019,1476806400000,,,,,0,0.0,0.0,0,,1
20161020,1476892800000,,,,,0,0.0,0.0,0,,1
20161021,1476979200000,,,,,0,0.0,0.0,0,,1
20161024,1477238400000,,,,,0,0.0,0.0,0,,1
20161025,1477324800000,,,,,0,0.0,0.0,0,,1
20161026,1477411200000,,,,,0,0.0,0.0,0,,1
20161027,1477497600000,,,,,0,0.0,0.0,0,,1
20161028,1477584000000,,,,,0,0.0,0.0,0,,1
20161031,1477843200000,,,,,0,0.0,0.0,0,,1
20161101,1477929600000,,,,,0,0.0,0.0,0,,1
20161102,1478016000000,,,,,0,0.0,0.0,0,,1
20161103,1478102400000,,,,,0,0.0,0.0,0,,1
20161104,1478188800000,,,,,0,0.0,0.0,0,,1
20161107,1478448000000,,,,,0,0.0,0.0,0,,1
20161108,1478534400000,,,,,0,0.0,0.0,0,,1
20161109,1478620800000,,,,,0,0.0,0.0,0,,1
20161110,1478707200000,,,,,0,0.0,0.0,0,,1
20161111,1478793600000,,,,,0,0.0,0.0,0,,1
20161114,1479052800000,,,,,0,0.0,0.0,0,,1
20161115,1479139200000,,,,,0,0.0,0.0,0,,1
20161116,1479225600000,,,,,0,0.0,0.0,0,,1
20161117,1479312000000,,,,,0,0.0,0.0,0,,1
20161118,1479398400000,,,,,0,0.0,0.0,0,,1
20161121,1479657600000,,,,,0,0.0,0.0,0,,1
20161122,1479744000000,,,,,0,0.0,0.0,0,,1
20161123,1479830400000,,,,,0,0.0,0.0,0,,1
20161124,1479916800000,,,,,0,0.0,0.0,0,,1
20161125,1480003200000,,,,,0,0.0,0.0,0,,1
20161128,1480262400000,,,,,0,0.0,0.0,0,,1
20161129,1480348800000,,,,,0,0.0,0.0,0,,1
20161130,1480435200000,,,,,0,0.0,0.0,0,,1
20161201,1480521600000,,,,,0,0.0,0.0,0,,1
20161202,1480608000000,,,,,0,0.0,0.0,0,,1
20161205,1480867200000,,,,,0,0.0,0.0,0,,1
20161206,1480953600000,,,,,0,0.0,0.0,0,,1
20161207,1481040000000,,,,,0,0.0,0.0,0,,1
20161208,1481126400000,,,,,0,0.0,0.0,0,,1
20161209,1481212800000,,,,,0,0.0,0.0,0,,1
20161212,1481472000000,,,,,0,0.0,0.0,0,,1
20161213,1481558400000,,,,,0,0.0,0.0,0,,1
20161214,1481644800000,,,,,0,0.0,0.0,0,,1
20161215,1481731200000,,,,,0,0.0,0.0,0,,1
20161216,1481817600000,,,,,0,0.0,0.0,0,,1
20161219,1482076800000,,,,,0,0.0,0.0,0,,1
20161220,1482163200000,,,,,0,0.0,0.0,0,,1
20161221,1482249600000,,,,,0,0.0,0.0,0,,1
20161222,1482336000000,,,,,0,0.0,0.0,0,,1
20161223,1482422400000,,,,,0,0.0,0.0,0,,1
20161226,1482681600000,,,,,0,0.0,0.0,0,,1
20161227,1482768000000,,,,,0,0.0,0.0,0,,1
20161228,1482854400000,,,,,0,0.0,0.0,0,,1
20161229,1482940800000,,,,,0,0.0,0.0,0,,1
20161230,1483027200000,,,,,0,0.0,0.0,0,,1
20170103,1483372800000,,,,,0,0.0,0.0,0,,1
20170104,1483459200000,,,,,0,0.0,0.0,0,,1
20170105,1483545600000,,,,,0,0.0,0.0,0,,1
20170106,1483632000000,,,,,0,0.0,0.0,0,,1
20170109,1483891200000,,,,,0,0.0,0.0,0,,1
20170110,1483977600000,,,,,0,0.0,0.0,0,,1
20170111,1484064000000,,,,,0,0.0,0.0,0,,1
20170112,1484150400000,,,,,0,0.0,0.0,0,,1
20170113,1484236800000,,,,,0,0.0,0.0,0,,1
20170116,1484496000000,,,,,0,0.0,0.0,0,,1
20170117,1484582400000,,,,,0,0.0,0.0,0,,1
20170118,1484668800000,,,,,0,0.0,0.0,0,,1
20170119,1484755200000,,,,,0,0.0,0.0,0,,1
20170120,1484841600000,,,,,0,0.0,0.0,0,,1
20170123,1485100800000,,,,,0,0.0,0.0,0,,1
20170124,1485187200000,,,,,0,0.0,0.0,0,,1
20170125,1485273600000,,,,,0,0.0,0.0,0,,1
20170126,1485360000000,,,,,0,0.0,0.0,0,,1
20170203,1486051200000,,,,,0,0.0,0.0,0,,1
20170206,1486310400000,,,,,0,0.0,0.0,0,,1
20170207,1486396800000,,,,,0,0.0,0.0,0,,1
20170208,1486483200000,,,,,0,0.0,0.0,0,,1
20170209,1486569600000,,,,,0,0.0,0.0,0,,1
20170210,1486656000000,,,,,0,0.0,0.0,0,,1
20170213,1486915200000,,,,,0,0.0,0.0,0,,1
20170214,1487001600000,,,,,0,0.0,0.0,0,,1
20170215,1487088000000,,,,,0,0.0,0.0,0,,1
20170216,1487174400000,,,,,0,0.0,0.0,0,,1
20170217,1487260800000,,,,,0,0.0,0.0,0,,1
20170220,1487520000000,,,,,0,0.0,0.0,0,,1
20170221,1487606400000,,,,,0,0.0,0.0,0,,1
20170222,1487692800000,,,,,0,0.0,0.0,0,,1
20170223,1487779200000,,,,,0,0.0,0.0,0,,1
20170224,1487865600000,,,,,0,0.0,0.0,0,,1
20170227,1488124800000,,,,,0,0.0,0.0,0,,1
20170228,1488211200000,,,,,0,0.0,0.0,0,,1
20170301,1488297600000,,,,,0,0.0,0.0,0,,1
20170302,1488384000000,,,,,0,0.0,0.0,0,,1
20170303,1488470400000,,,,,0,0.0,0.0,0,,1
20170306,1488729600000,,,,,0,0.0,0.0,0,,1
20170307,1488816000000,,,,,0,0.0,0.0,0,,1
20170308,1488902400000,,,,,0,0.0,0.0,0,,1
20170309,1488988800000,,,,,0,0.0,0.0,0,,1
20170310,1489075200000,,,,,0,0.0,0.0,0,,1
20170313,1489334400000,,,,,0,0.0,0.0,0,,1
20170314,1489420800000,,,,,0,0.0,0.0,0,,1
20170315,1489507200000,,,,,0,0.0,0.0,0,,1
20170316,1489593600000,,,,,0,0.0,0.0,0,,1
20170317,1489680000000,,,,,0,0.0,0.0,0,,1
20170320,1489939200000,,,,,0,0.0,0.0,0,,1
20170321,1490025600000,,,,,0,0.0,0.0,0,,1
20170322,1490112000000,,,,,0,0.0,0.0,0,,1
20170323,1490198400000,,,,,0,0.0,0.0,0,,1
20170324,1490284800000,,,,,0,0.0,0.0,0,,1
20170327,1490544000000,,,,,0,0.0,0.0,0,,1
20170328,1490630400000,,,,,0,0.0,0.0,0,,1
20170329,1490716800000,,,,,0,0.0,0.0,0,,1
20170330,1490803200000,,,,,0,0.0,0.0,0,,1
20170331,1490889600000,,,,,0,0.0,0.0,0,,1
20170405,1491321600000,,,,,0,0.0,0.0,0,,1
20170406,1491408000000,,,,,0,0.0,0.0,0,,1
20170407,1491494400000,,,,,0,0.0,0.0,0,,1
20170410,1491753600000,,,,,0,0.0,0.0,0,,1
20170411,1491840000000,,,,,0,0.0,0.0,0,,1
20170412,1491926400000,,,,,0,0.0,0.0,0,,1
20170413,1492012800000,,,,,0,0.0,0.0,0,,1
20170414,1492099200000,,,,,0,0.0,0.0,0,,1
20170417,1492358400000,,,,,0,0.0,0.0,0,,1
20170418,1492444800000,,,,,0,0.0,0.0,0,,1
20170419,1492531200000,,,,,0,0.0,0.0,0,,1
20170420,1492617600000,,,,,0,0.0,0.0,0,,1
20170421,1492704000000,,,,,0,0.0,0.0,0,,1
20170424,1492963200000,,,,,0,0.0,0.0,0,,1
20170425,1493049600000,,,,,0,0.0,0.0,0,,1
20170426,1493136000000,,,,,0,0.0,0.0,0,,1
20170427,1493222400000,,,,,0,0.0,0.0,0,,1
20170428,1493308800000,,,,,0,0.0,0.0,0,,1
20170502,1493654400000,,,,,0,0.0,0.0,0,,1
20170503,1493740800000,,,,,0,0.0,0.0,0,,1
20170504,1493827200000,,,,,0,0.0,0.0,0,,1
20170505,1493913600000,11.94,13.02,11.94,13.02,41,53274.00000000001,0.0,0,9.04,0
20170508,1494172800000,14.32,14.32,14.32,14.32,6,8592.0,0.0,0,13.02,0
20170509,1494259200000,15.75,15.75,15.75,15.75,16,25200.0,0.0,0,14.32,0
20170510,1494345600000,17.330000000000002,17.330000000000002,17.330000000000002,17.330000000000002,21,36393.0,0.0,0,15.750000000000002,0
20170511,1494432000000,19.06,19.06,19.06,19.06,53,101018.0,0.0,0,17.33,0
20170512,1494518400000,20.97,20.97,20.97,20.97,60,125820.0,0.0,0,19.06,0
20170515,1494777600000,23.07,23.07,23.07,23.07,49,113043.0,0.0,0,20.97,0
20170516,1494864000000,25.38,25.38,25.38,25.38,68,172584.0,0.0,0,23.07,0
20170517,1494950400000,27.92,27.92,27.92,27.92,162,452304.00000000006,0.0,0,25.380000000000003,0
20170518,1495036800000,30.71,30.71,30.71,30.71,377,1157767.0,0.0,0,27.92,0
20170519,1495123200000,33.78,33.78,33.78,33.78,738,2494923.0,0.0,0,30.71,0
20170522,1495382400000,37.160000000000004,37.160000000000004,37.160000000000004,37.160000000000004,1245,4626420.0,0.0,0,33.78,0
20170523,1495468800000,40.88,40.88,40.88,40.88,4744,19396905.0,0.0,0,37.160000000000004,0
20170524,1495555200000,44.8,44.97,42.18,44.97,55731,249419435.00000003,0.0,0,40.88,0
20170525,1495641600000,49.47,49.47,49.47,49.47,39611,195955617.0,0.0,0,44.97,0
20170526,1495728000000,54.42,54.42,54.42,54.42,3576,19460592.0,0.0,0,49.47,0
20170531,1496160000000,59.86,59.86,54.0,56.0,57948,337015852.00000006,0.0,0,54.42,0
20170601,1496246400000,53.99,61.6,52.910000000000004,61.6,137217,784997440.0,0.0,0,56.0,0
20170602,1496332800000,55.44,58.23,55.44,55.449999999999996,107184,600446987.0,0.0,0,61.599999999999994,0
20170605,1496592000000,56.28,60.0,54.02,54.02,98259,564953817.0,0.0,0,55.45,0
20170606,1496678400000,50.0,56.5,50.0,55.86,89177,473528034.0,0.0,0,54.02,0
20170607,1496764800000,55.370000000000005,61.45,54.980000000000004,61.45,82903,483095745.99999994,0.0,0,55.86000000000001,0
20170608,1496851200000,63.13,66.88000000000001,59.050000000000004,62.00000000000001,114483,710365459.0,0.0,0,61.45,0
20170609,1496937600000,59.31,62.3,58.64,59.4,75715,454405585.0,0.0,0,62.0,0
20170612,1497196800000,57.11,61.5,55.0,56.47,69097,408534812.0,0.0,0,59.4,0
20170613,1497283200000,57.660000000000004,60.0,56.2,58.150000000000006,56275,324947560.0,0.0,0,56.470000000000006,0
20170614,1497369600000,57.8,60.58,56.51,58.559999999999995,63554,374302908.0,0.0,0,58.15,0
20170615,1497456000000,57.50000000000001,61.6,57.050000000000004,60.45,71329,423794414.99999994,0.0,0,58.56,0
20170616,1497542400000,59.580000000000005,62.980000000000004,58.31,58.800000000000004,69447,420206152.0,0.0,0,60.45,0
20170619,1497801600000,57.11,57.790000000000006,54.7,55.0,57568,322319681.0,0.0,0,58.800000000000004,0
20170620,1497888000000,55.550000000000004,57.0,54.7,54.96,43057,240354990.0,0.0,0,55.0,0
20170621,1497974400000,55.010000000000005,55.59,52.800000000000004,53.09,42048,225407843.00000003,0.0,0,54.96000000000001,0
20170622,1498060800000,53.1,53.46,50.57,50.93,42420,219628204.0,0.0,0,53.09,0
20170623,1498147200000,50.97,51.49,48.61,50.25,35092,175595834.00000003,0.0,0,50.93,0
20170626,1498406400000,49.82,51.47,49.69,50.739999999999995,29042,147225314.0,0.0,0,50.25,0
20170627,1498492800000,50.66,52.29,50.4,50.79,30127,154640702.0,0.0,0,50.74,0
20170628,1498579200000,49.74,49.74,47.5,47.8,36722,177472042.00000003,0.0,0,50.79,0
20170629,1498665600000,47.410000000000004,49.42,47.32,48.04,27285,131992520.00000001,0.0,0,47.8,0
20170630,1498752000000,46.800000000000004,48.67,46.800000000000004,47.49,24499,117110817.00000001,0.0,0,48.040000000000006,0
20170703,1499011200000,48.1,48.66,47.5,48.21,21616,104168068.0,0.0,0,47.49,0
20170704,1499097600000,49.0,52.48,49.0,50.7,45717,230817461.0,0.0,0,48.21,0
20170705,1499184000000,50.71,51.0,49.2,50.81,35844,179737109.0,0.0,0,50.7,0
20170706,1499270400000,50.31,51.300000000000004,49.1,49.53,29507,147507403.0,0.0,0,50.81,0
20170707,1499356800000,49.400000000000006,52.0,49.2,50.09,37305,189344612.0,0.0,0,49.53,0
20170710,1499616000000,48.77,48.77,46.85,46.980000000000004,34253,163255358.00000003,0.0,0,50.09,0
20170711,1499702400000,46.97,47.17,43.51,43.949999999999996,30011,135930534.0,0.0,0,46.86,0
20170712,1499788800000,44.269999999999996,45.489999999999995,42.94,45.199999999999996,26319,116665466.0,0.0,0,43.949999999999996,0
20170713,1499875200000,44.4,44.8,43.08,43.21,20450,89439928.0,0.0,0,45.199999999999996,0
20170714,1499961600000,47.53,47.53,47.53,47.53,9334,44367638.0,0.0,0,43.21,0
20170717,1500220800000,52.28,52.28,52.28,52.28,52891,276517703.0,0.0,0,47.53,0
20170718,1500307200000,52.50000000000001,57.0,51.660000000000004,55.440000000000005,96085,524756846.0,0.0,0,52.28,0
20170719,1500393600000,55.150000000000006,57.5,54.45,57.34,72650,408038338.0,0.0,0,55.440000000000005,0
20170720,1500480000000,56.11,58.980000000000004,55.78,56.21,56910,324851261.0,0.0,0,57.34,0
20170721,1500566400000,54.81,55.970000000000006,53.410000000000004,53.800000000000004,47764,260976530.0,0.0,0,56.21,0
20170724,1500825600000,53.28,59.18,53.0,59.18,59157,332229001.0,0.0,0,53.8,0
20170725,1500912000000,58.00000000000001,63.99,57.620000000000005,61.02,75765,454877814.0,0.0,0,59.18000000000001,0
20170726,1500998400000,61.0,63.160000000000004,59.49,63.13,55037,336505509.0,0.0,0,61.02,0
20170727,1501084800000,63.13,69.44,62.5,69.44,67515,452370596.0,0.0,0,63.13,0
20170728,1501171200000,72.0,73.44,69.56,70.5,61414,438111402.0,0.0,0,69.44,0
20170731,1501430400000,68.77,70.89999999999999,67.55,69.6,48973,336849666.00000006,0.0,0,70.5,0
20170801,1501516800000,68.72,73.0,68.62,69.07000000000001,45336,321592935.0,0.0,0,69.60000000000001,0
20170802,1501603200000,67.8,72.94,65.2,72.67,52159,357402366.00000006,0.0,0,69.07000000000001,0
20170803,1501689600000,71.0,78.45,71.0,71.28,48836,363251855.0,0.0,0,72.67,0
20170804,1501776000000,71.18,75.56,70.06,74.43,45303,329966224.0,0.0,0,71.28,0
20170807,1502035200000,75.86,75.86999999999999,66.99,66.99,43357,305178767.0,0.0,0,74.42999999999999,0
20170808,1502121600000,62.00000000000001,65.76,60.800000000000004,63.25000000000001,64027,404828369.0,0.0,0,66.99000000000001,0
20170809,1502208000000,63.400000000000006,63.97,61.24,61.49,39654,248072868.00000003,0.0,0,63.25,0
20170810,1502294400000,61.0,61.98,58.08,59.519999999999996,42950,256267007.0,0.0,0,61.489999999999995,0
20170811,1502380800000,59.120000000000005,62.88,58.99,61.97,47774,292637311.0,0.0,0,59.52,0
20170814,1502640000000,62.0,64.58,61.86,62.73,36190,228583539.00000003,0.0,0,61.97,0
20170815,1502726400000,62.74,64.5,61.410000000000004,62.75000000000001,33164,208684884.0,0.0,0,62.730000000000004,0
20170816,1502812800000,62.559999999999995,66.44,62.01,66.3,52051,334337573.0,0.0,0,62.75,0
20170817,1502899200000,65.55,66.47999999999999,64.1,64.92999999999999,40184,262872066.00000003,0.0,0,66.3,0
20170818,1502985600000,64.5,66.67,63.6,63.6,35583,231273245.0,0.0,0,64.93,0
20170821,1503244800000,63.25,64.6,62.1,64.6,30912,195661326.0,0.0,0,63.6,0
20170822,1503331200000,65.0,67.99,63.6,65.58,55265,365556526.0,0.0,0,64.6,0
20170823,1503417600000,64.69,65.53,61.89,62.0,46296,293950617.00000006,0.0,0,65.58,0
20170824,1503504000000,61.42,63.4,60.15,61.82,32996,204879014.0,0.0,0,62.0,0
20170825,1503590400000,61.989999999999995,64.5,61.51,63.53,33941,213712589.00000003,0.0,0,61.82,0
20170828,1503849600000,65.69999999999999,69.88,65.6,69.88,31224,212830237.00000003,0.0,0,63.529999999999994,0
20170829,1503936000000,76.87,76.87,76.87,76.87,8145,62610615.0,0.0,0,69.88000000000001,0
20170830,1504022400000,84.08000000000001,84.56,79.21000000000001,81.50000000000001,90666,748542092.0,0.0,0,76.87,0
20170831,1504108800000,81.5,86.0,80.06,83.84,80650,669939164.0,0.0,0,81.5,0
20170901,1504195200000,81.83,83.83,80.0,82.44,62545,511041583.0,0.0,0,83.84,0
20170904,1504454400000,80.0,84.8,78.08,84.63,46369,380088103.0,0.0,0,82.44,0
20170905,1504540800000,84.63000000000001,91.49000000000001,82.01,86.86,65739,570225943.0,0.0,0,84.63000000000001,0
20170906,1504627200000,84.5,90.28,83.51,88.95,58235,508809244.00000006,0.0,0,86.86,0
20170907,1504713600000,87.5,97.85,87.0,94.3,81065,768868037.0,0.0,0,88.95,0
20170908,1504800000000,92.56,98.61,92.3,98.6,59921,570602402.0000001,0.0,0,94.3,0
20170911,1505059200000,96.92999999999999,108.46,96.22,108.46,44735,459046940.00000006,0.0,0,98.6,0
20170912,1505145600000,108.46,108.46,108.46,108.46,0,0.0,0.0,0,108.46,1
20170913,1505232000000,108.46,108.46,108.46,108.46,0,0.0,0.0,0,108.46,1
20170914,1505318400000,108.46,108.46,108.46,108.46,0,0.0,0.0,0,108.46,1
20170915,1505404800000,108.46,108.46,108.46,108.46,0,0.0,0.0,0,108.46,1
20170918,1505664000000,108.46,108.46,108.46,108.46,0,0.0,0.0,0,108.46,1
20170919,1505750400000,50.03,54.0,48.85,52.64,173880,885309704.0,0.0,0,54.230000000000004,0
20170920,1505836800000,51.5,52.480000000000004,48.7,50.88,134032,680621571.0,0.0,0,52.64,0
20170921,1505923200000,50.02,55.67,49.800000000000004,52.260000000000005,166441,885619425.0,0.0,0,50.88,0
20170922,1506009600000,49.5,49.85,47.03,47.03,149136,717839030.0000001,0.0,0,52.260000000000005,0
20170925,1506268800000,45.63,47.8,43.89,45.6,93028,425113580.99999994,0.0,0,47.03,0
20170926,1506355200000,44.86,47.4,44.83,46.05,83987,388922182.0,0.0,0,45.6,0
20170927,1506441600000,44.699999999999996,47.37,44.01,47.0,88220,401877977.00000006,0.0,0,46.05,0
20170928,1506528000000,45.900000000000006,47.18000000000001,44.050000000000004,44.27,79728,365736028.0,0.0,0,47.00000000000001,0
20170929,1506614400000,45.220000000000006,45.480000000000004,41.800000000000004,43.27,75455,329944608.00000006,0.0,0,44.27,0
20171009,1507478400000,45.5,47.6,44.95,47.6,62193,290423961.00000006,0.0,0,43.27,0
20171010,1507564800000,48.99,52.36,48.6,52.36,137582,698773827.9999999,0.0,0,47.6,0
20171011,1507651200000,54.0,57.6,51.03,53.77,189619,1039193553.0000001,0.0,0,52.36,0
20171012,1507737600000,52.57,56.7,52.06,55.050000000000004,145083,794744640.0,0.0,0,53.77,0
20171013,1507824000000,55.5,57.85,54.0,55.38,124515,697654095.0000001,0.0,0,55.05,0
20171016,1508083200000,53.1,53.51,50.75,51.86,95876,499160282.0,0.0,0,55.38,0
20171017,1508169600000,51.41,52.88,50.5,52.17,64307,332911138.0,0.0,0,51.86,0
20171018,1508256000000,51.88,52.49,47.410000000000004,48.02,88293,438734314.00000006,0.0,0,52.17,0
20171019,1508342400000,48.12,48.4,46.18,46.53,55630,262055979.00000003,0.0,0,48.02,0
20171020,1508428800000,46.64,48.23,45.51,48.08,54076,252356567.0,0.0,0,46.53,0
20171023,1508688000000,50.01,52.8,50.01,50.83,87748,450138743.0,0.0,0,48.08,0
20171024,1508774400000,49.85,52.36,48.7,51.900000000000006,84199,427345778.0,0.0,0,50.830000000000005,0
20171025,1508860800000,52.5,57.09,52.5,57.09,143753,794092836.0,0.0,0,51.9,0
20171026,1508947200000,57.5,57.5,54.35,55.0,104146,579109199.0000001,0.0,0,57.09,0
20171027,1509033600000,55.6,56.0,53.5,53.5,77386,422504947.0,0.0,0,55.0,0
20171030,1509292800000,52.01,56.71,52.0,55.6,103277,567393548.0,0.0,0,53.5,0
20171031,1509379200000,54.64,55.38,53.6,55.300000000000004,72424,394805598.0,0.0,0,55.6,0
20171101,1509465600000,54.8,57.5,54.75,55.02,84350,474139166.0,0.0,0,55.3,0
20171102,1509552000000,54.300000000000004,58.5,54.2,57.02,115392,656425453.0,0.0,0,55.02,0
20171103,1509638400000,56.8,57.54,54.32,55.08,80478,447569790.99999994,0.0,0,57.02,0
20171106,1509897600000,54.300000000000004,55.550000000000004,53.2,55.5,62885,341738885.0,0.0,0,55.080000000000005,0
20171107,1509984000000,55.800000000000004,55.800000000000004,53.63,54.18,53974,293475610.0,0.0,0,55.5,0
20171108,1510070400000,55.4,57.9,54.93,55.6,95370,536060318.0,0.0,0,54.18,0
20171109,1510156800000,54.2,54.85,53.5,53.6,67709,364839739.00000006,0.0,0,55.6,0
20171110,1510243200000,53.089999999999996,53.98,53.01,53.199999999999996,41731,222893047.00000003,0.0,0,53.6,0
20171113,1510502400000,53.2,53.790000000000006,52.300000000000004,53.7,43288,230243930.0,0.0,0,53.2,0
20171114,1510588800000,53.65,53.65,51.01,51.23,49282,258353821.0,0.0,0,53.699999999999996,0
20171115,1510675200000,50.400000000000006,50.400000000000006,47.800000000000004,48.35,51143,249969548.0,0.0,0,51.230000000000004,0
20171116,1510761600000,48.51,51.989999999999995,48.51,51.41,59838,302619730.0,0.0,0,48.35,0
20171117,1510848000000,51.24,51.26,48.0,49.22,40369,199717590.0,0.0,0,51.41,0
20171120,1511107200000,48.96000000000001,49.150000000000006,44.300000000000004,48.620000000000005,33674,159884256.0,0.0,0,49.220000000000006,0
20171121,1511193600000,48.379999999999995,50.28,47.69,49.05,35448,174506011.00000003,0.0,0,48.62,0
20171122,1511280000000,48.9,49.37,45.58,46.86,37503,178715064.0,0.0,0,49.05,0
20171123,1511366400000,46.589999999999996,46.589999999999996,43.76,43.769999999999996,38949,174881954.0,0.0,0,46.86,0
20171124,1511452800000,43.95,44.95,43.13,43.800000000000004,25683,113646622.99999999,0.0,0,43.77,0
20171127,1511712000000,43.9,46.5,43.6,44.5,36218,162670518.0,0.0,0,43.800000000000004,0
20171128,1511798400000,44.19,45.56,44.0,45.16,25789,115661212.0,0.0,0,44.5,0
20171129,1511884800000,46.300000000000004,47.0,45.31,45.97,42594,197136857.0,0.0,0,45.160000000000004,0
20171130,1511971200000,45.0,45.5,44.25,44.31,30067,134026190.00000001,0.0,0,45.97,0
20171201,1512057600000,44.309999999999995,45.1,43.4,44.54,24736,109440639.00000001,0.0,0,44.309999999999995,0
20171204,1512316800000,43.400000000000006,44.27,40.800000000000004,41.35,34600,146957660.0,0.0,0,44.540000000000006,0
20171205,1512403200000,41.0,41.56,37.35,37.99,37870,148856021.0,0.0,0,41.35,0
20171206,1512489600000,38.2,39.0,37.5,38.81,27405,105006668.0,0.0,0,37.99,0
20171207,1512576000000,38.8,38.949999999999996,38.01,38.269999999999996,19578,75172429.0,0.0,0,38.809999999999995,0
20171208,1512662400000,38.660000000000004,40.75,38.07,39.9,38780,153461600.00000003,0.0,0,38.27,0
20171211,1512921600000,39.300000000000004,40.290000000000006,39.300000000000004,40.2,28028,111726241.00000001,0.0,0,39.900000000000006,0
20171212,1513008000000,40.18,40.18,38.22,38.29,28338,110418413.0,0.0,0,40.199999999999996,0
20171213,1513094400000,38.68,38.97,38.25,38.78,19010,73497007.0,0.0,0,38.29,0
20171214,1513180800000,38.58,38.769999999999996,37.58,38.089999999999996,23502,89166053.00000001,0.0,0,38.78,0
20171215,1513267200000,38.14,39.75,37.83,39.16,37722,146866772.0,0.0,0,38.089999999999996,0
20171218,1513526400000,38.599999999999994,38.9,37.37,37.879999999999995,25427,96556288.0,0.0,0,39.16,0
20171219,1513612800000,37.6,38.300000000000004,37.6,38.02,14133,53640396.0,0.0,0,37.88,0
20171220,1513699200000,38.58,38.58,36.18,36.81,27298,101307232.0,0.0,0,38.02,0
20171221,1513785600000,36.7,38.150000000000006,35.31,37.2,30556,111461840.0,0.0,0,36.81,0
20171222,1513872000000,36.620000000000005,37.160000000000004,36.52,36.53,18590,68388974.0,0.0,0,37.2,0
20171225,1514131200000,36.7,37.1,35.550000000000004,35.760000000000005,17973,65226855.0,0.0,0,36.53,0
20171226,1514217600000,35.940000000000005,37.02,35.42,36.92,27839,101841741.0,0.0,0,35.760000000000005,0
20171227,1514304000000,37.12,37.99,36.82,36.96,35728,133722443.0,0.0,0,36.92,0
20171228,1514390400000,36.55,38.5,35.76,37.51,38459,143280628.0,0.0,0,36.96,0
20171229,1514476800000,37.7,38.0,37.11,37.5,22498,84149048.0,0.0,0,37.51,0
20180102,1514822400000,37.51,38.0,37.33,37.53,19745,74278306.00000001,0.0,0,37.5,0
20180103,1514908800000,37.81,40.86,37.53,39.52,64778,254476397.0,0.0,0,37.53,0
20180104,1514995200000,39.0,39.519999999999996,38.36,38.43,41183,159270529.0,0.0,0,39.519999999999996,0
20180105,1515081600000,37.8,38.3,37.51,37.65,25413,96127663.0,0.0,0,38.43,0
20180108,1515340800000,37.3,38.11,36.5,37.67,29353,109179762.0,0.0,0,37.65,0
20180109,1515427200000,37.5,37.760000000000005,36.7,36.830000000000005,19544,72550252.0,0.0,0,37.67,0
20180110,1515513600000,36.6,37.0,35.65,36.05,19708,71402004.0,0.0,0,36.83,0
20180111,1515600000000,36.050000000000004,36.79,35.96,36.480000000000004,16969,61750020.0,0.0,0,36.050000000000004,0
20180112,1515686400000,36.48,36.8,35.94,36.01,15194,55006468.0,0.0,0,36.48,0
20180115,1515945600000,35.39,36.45,34.81,34.830000000000005,20076,71419201.0,0.0,0,36.010000000000005,0
20180116,1516032000000,34.53,35.480000000000004,34.52,34.82,15936,55659989.0,0.0,0,34.830000000000005,0
20180117,1516118400000,34.68,38.3,34.68,36.7,50870,188610655.0,0.0,0,34.82,0
20180118,1516204800000,35.88,37.65,35.61,36.91,44223,163165350.0,0.0,0,36.7,0
20180119,1516291200000,36.75,39.88,36.75,38.49,65286,249112912.00000003,0.0,0,36.91,0
20180122,1516550400000,38.49,39.71,37.4,38.91,54493,211055372.00000003,0.0,0,38.49,0
20180123,1516636800000,38.31,40.69,38.0,38.58,51979,204395811.99999997,0.0,0,38.91,0
20180124,1516723200000,37.4,39.38,37.11,38.35,44095,168591589.0,0.0,0,38.58,0
20180125,1516809600000,38.0,38.79,37.5,37.5,31855,121233829.0,0.0,0,38.35,0
20180126,1516896000000,37.07,38.0,36.2,36.27,27571,101858752.0,0.0,0,37.5,0
20180129,1517155200000,36.28,36.699999999999996,35.58,35.61,17321,62256198.0,0.0,0,36.269999999999996,0
20180130,1517241600000,35.87,36.059999999999995,35.51,36.0,13219,47318408.99999999,0.0,0,35.61,0
20180131,1517328000000,36.32,38.690000000000005,36.17,37.31,46561,174545595.0,0.0,0,36.0,0
20180201,1517414400000,36.75,37.1,33.58,33.69,39449,137685168.0,0.0,0,37.309999999999995,0
20180202,1517500800000,33.64,33.64,30.32,31.66,25012,79329673.0,0.0,0,33.69,0
20180205,1517760000000,30.0,31.3,29.01,29.53,24473,73839213.00000001,0.0,0,31.66,0
20180206,1517846400000,29.3,29.3,26.580000000000002,26.580000000000002,25066,69453495.0,0.0,0,29.53,0
20180207,1517932800000,27.25,27.6,24.89,26.8,23255,61724302.0,0.0,0,26.580000000000002,0
20180208,1518019200000,26.720000000000002,27.48,26.05,27.03,15374,41698511.00000001,0.0,0,26.8,0
20180209,1518105600000,26.369999999999997,26.669999999999998,25.29,25.65,17268,44806077.0,0.0,0,27.029999999999998,0
20180212,1518364800000,25.92,27.1,25.89,26.85,15543,41209148.0,0.0,0,25.650000000000002,0
20180213,1518451200000,27.0,28.200000000000003,26.37,26.48,21575,58977076.0,0.0,0,26.85,0
20180214,1518537600000,26.610000000000003,26.8,26.01,26.55,11393,30146529.000000004,0.0,0,26.48,0
20180222,1519228800000,26.76,28.1,26.76,28.1,22358,61368711.0,0.0,0,26.55,0
20180223,1519315200000,28.09,30.02,28.09,28.99,34367,100359517.00000001,0.0,0,28.1,0
20180226,1519574400000,28.630000000000003,29.8,28.51,29.48,28891,84568410.0,0.0,0,28.990000000000002,0
20180227,1519660800000,29.38,30.2,29.11,29.58,24571,72869249.0,0.0,0,29.48,0
20180228,1519747200000,29.45,29.45,28.11,28.89,19674,56726478.0,0.0,0,29.58,0
20180301,1519833600000,28.5,29.27,28.45,29.02,16305,47204917.0,0.0,0,28.89,0
20180302,1519920000000,29.1,29.45,28.73,28.91,16964,49347963.00000001,0.0,0,29.02,0
20180305,1520179200000,28.69,31.8,28.650000000000002,31.8,54567,167125314.0,0.0,0,28.910000000000004,0
20180306,1520265600000,31.5,34.98,31.02,34.98,72276,241457843.0,0.0,0,31.8,0
20180307,1520352000000,37.0,37.88,35.1,35.5,90544,328627562.0,0.0,0,34.980000000000004,0
20180308,1520438400000,35.79,39.05,34.83,39.05,103669,383615692.0,0.0,0,35.5,0
20180309,1520524800000,40.18000000000001,41.980000000000004,38.050000000000004,38.57000000000001,130943,527750292.00000006,0.0,0,39.050000000000004,0
20180312,1520784000000,36.76,38.5,36.71,37.84,74458,279333495.0,0.0,0,38.57,0
20180313,1520870400000,37.3,37.78,36.5,36.54,52125,192984891.0,0.0,0,37.84,0
20180314,1520956800000,36.45,37.5,36.45,36.800000000000004,43448,161219148.00000003,0.0,0,36.540000000000006,0
20180315,1521043200000,36.7,36.7,33.2,34.120000000000005,57471,197692870.0,0.0,0,36.800000000000004,0
20180316,1521129600000,34.699999999999996,37.36,34.19,35.93,59753,212303022.0,0.0,0,34.12,0
20180319,1521388800000,35.95,37.48,35.0,36.59,58523,214532074.0,0.0,0,35.93,0
20180320,1521475200000,36.50000000000001,37.870000000000005,35.300000000000004,37.400000000000006,55913,204742705.0,0.0,0,36.59,0
20180321,1521561600000,37.01,37.68,35.08,35.82,45379,166084855.0,0.0,0,37.4,0
20180322,1521648000000,35.23,36.5,35.22,35.769999999999996,24091,86613380.0,0.0,0,35.82,0
20180323,1521734400000,33.699999999999996,34.51,32.19,32.19,34646,115110790.0,0.0,0,35.769999999999996,0
20180326,1521993600000,31.51,33.68,29.5,33.46,34837,111487950.0,0.0,0,32.19,0
20180327,1522080000000,33.91,35.83,33.9,34.62,40734,142155528.0,0.0,0,33.46,0
20180328,1522166400000,34.54,38.08,34.54,37.9,98644,366372417.00000006,0.0,0,34.62,0
20180329,1522252800000,37.800000000000004,38.18,36.1,36.690000000000005,76388,282716842.0,0.0,0,37.9,0
20180330,1522339200000,37.25,37.9,36.0,37.05,49066,181905422.00000003,0.0,0,36.69,0
20180402,1522598400000,37.36,37.59,36.7,37.18,41342,153515051.0,0.0,0,37.050000000000004,0
20180403,1522684800000,36.18,37.2,36.0,36.48,29886,109477547.0,0.0,0,37.18,0
20180404,1522771200000,36.59,37.39,35.02,35.07,33560,121343980.00000001,0.0,0,36.480000000000004,0
20180409,1523203200000,34.9,35.6,34.04,35.11,23577,82419677.0,0.0,0,35.07,0
20180410,1523289600000,35.04,37.78,35.04,36.88,44394,162679056.99999997,0.0,0,35.11,0
20180411,1523376000000,37.07,37.480000000000004,36.46,36.910000000000004,35043,129306117.00000001,0.0,0,36.88,0
20180412,1523462400000,37.5,37.690000000000005,36.02,36.1,28445,104511990.0,0.0,0,36.910000000000004,0
20180413,1523548800000,36.55,36.78,35.51,35.669999999999995,20622,74199240.0,0.0,0,36.1,0
20180416,1523808000000,35.99,37.7,35.6,37.4,57361,212788324.0,0.0,0,35.67,0
20180417,1523894400000,37.53,37.7,35.81,35.92,37503,137057471.0,0.0,0,37.400000000000006,0
20180418,1523980800000,36.0,36.75,34.2,35.96,27717,97722211.00000001,0.0,0,35.92,0
20180419,1524067200000,35.2,37.150000000000006,35.2,36.080000000000005,30674,110740684.0,0.0,0,35.96,0
20180420,1524153600000,35.89,36.08,34.6,34.64,23090,81715689.0,0.0,0,36.08,0
20180423,1524412800000,35.5,35.6,34.1,34.7,16632,57853972.0,0.0,0,34.64,0
20180424,1524499200000,34.2,35.2,34.2,35.010000000000005,18521,64680947.00000001,0.0,0,34.7,0
20180425,1524585600000,34.99,35.790000000000006,33.88,35.400000000000006,23586,83299566.0,0.0,0,35.010000000000005,0
20180426,1524672000000,35.290000000000006,35.410000000000004,32.63,32.970000000000006,25122,85667119.0,0.0,0,35.400000000000006,0
20180427,1524758400000,33.15,33.57,32.0,32.13,18455,60388268.0,0.0,0,32.97,0
20180502,1525190400000,32.65,33.3,32.14,32.47,12464,40798645.0,0.0,0,32.13,0
20180503,1525276800000,32.74,32.98,32.15,32.94,14685,48079904.0,0.0,0,32.47,0
20180504,1525363200000,32.94,33.4,32.8,32.959999999999994,13061,43221336.0,0.0,0,32.94,0
20180507,1525622400000,32.96,35.99,32.85,35.22,28632,98750694.0,0.0,0,32.96,0
20180508,1525708800000,34.5,35.199999999999996,34.4,34.76,21073,73291778.00000001,0.0,0,35.22,0
20180509,1525795200000,34.410000000000004,35.07,34.410000000000004,34.75000000000001,17026,59208314.99999999,0.0,0,34.760000000000005,0
20180510,1525881600000,34.76,38.23,34.5,38.23,82091,305337967.99999994,0.0,0,34.75,0
20180511,1525968000000,39.190000000000005,39.6,37.230000000000004,37.290000000000006,82020,315388326.0,0.0,0,38.230000000000004,0
20180514,1526227200000,36.6,36.85,35.5,35.89,39398,142026118.0,0.0,0,37.29,0
20180515,1526313600000,36.0,36.6,35.71,36.39,29582,107339625.0,0.0,0,35.89,0
20180516,1526400000000,35.91,36.39,35.62,35.779999999999994,22797,81932149.0,0.0,0,36.39,0
20180517,1526486400000,35.88,36.77,35.81,36.27,22236,80589474.0,0.0,0,35.78,0
20180518,1526572800000,35.800000000000004,36.220000000000006,35.2,35.720000000000006,19947,71096769.0,0.0,0,36.27,0
20180521,1526832000000,35.85,36.79,35.85,36.050000000000004,26788,97323263.0,0.0,0,35.72,0
20180522,1526918400000,35.72,37.8,35.51,36.839999999999996,40868,149749149.0,0.0,0,36.05,0
20180523,1527004800000,36.43000000000001,36.900000000000006,36.09,36.31,24602,89696849.0,0.0,0,36.84,0
20180524,1527091200000,36.28,38.18,36.21,37.160000000000004,46901,174960200.0,0.0,0,36.31,0
20180525,1527177600000,36.99,37.980000000000004,36.660000000000004,36.93000000000001,31232,116156772.0,0.0,0,37.160000000000004,0
20180528,1527436800000,37.01,37.47,35.46,35.6,23496,85020724.0,0.0,0,36.93,0
20180529,1527523200000,35.29,36.56,35.29,35.72,21712,78059336.0,0.0,0,35.6,0
20180530,1527609600000,35.199999999999996,35.199999999999996,32.15,32.6,31132,103881853.0,0.0,0,35.72,0
20180531,1527696000000,33.25,33.59,32.63,32.82,17996,59538487.0,0.0,0,32.6,0
20180601,1527782400000,32.9,33.23,32.12,32.71,15003,49094098.0,0.0,0,32.82,0
20180604,1528041600000,32.88,33.13,32.24,32.95,12089,39659880.0,0.0,0,32.71,0
20180605,1528128000000,33.300000000000004,33.75,32.95,33.75,15165,50740101.00000001,0.0,0,32.95,0
20180606,1528214400000,33.69,33.69,33.12,33.449999999999996,14759,49236379.0,0.0,0,33.75,0
20180607,1528300800000,33.699999999999996,33.699999999999996,32.65,32.699999999999996,15015,49659060.0,0.0,0,33.449999999999996,0
20180608,1528387200000,32.699999999999996,32.97,32.15,32.62,12711,41167975.0,0.0,0,32.699999999999996,0
20180611,1528646400000,32.48,32.89,32.3,32.61,8484,27737749.0,0.0,0,32.62,0
20180612,1528732800000,32.39,32.85,31.650000000000002,32.800000000000004,11675,37774385.0,0.0,0,32.61,0
20180613,1528819200000,32.78,32.78,31.650000000000002,31.660000000000004,12665,40671707.0,0.0,0,32.800000000000004,0
20180614,1528905600000,31.590000000000003,32.1,31.330000000000002,31.380000000000003,8597,27175061.0,0.0,0,31.66,0
20180615,1528992000000,31.990000000000002,33.330000000000005,31.990000000000002,32.21,23074,75255369.0,0.0,0,31.380000000000003,0
20180619,1529337600000,31.000000000000004,31.000000000000004,28.990000000000002,28.990000000000002,22517,66886981.0,0.0,0,32.21,0
20180620,1529424000000,29.0,29.85,29.0,29.45,12722,37409062.0,0.0,0,28.99,0
20180621,1529510400000,29.380000000000003,29.94,28.01,28.150000000000002,15663,45699656.99999999,0.0,0,29.450000000000003,0
20180622,1529596800000,28.150000000000002,28.950000000000003,27.51,28.71,10895,31128660.0,0.0,0,28.150000000000002,0
20180625,1529856000000,29.000000000000004,29.470000000000002,28.810000000000002,29.01,10261,29909172.0,0.0,0,28.71,0
20180626,1529942400000,28.5,29.400000000000002,28.17,29.32,9325,27072521.0,0.0,0,29.01,0
20180627,1530028800000,29.13,29.55,29.09,29.33,9680,28377235.0,0.0,0,29.32,0
20180628,1530115200000,29.0,29.6,28.71,28.720000000000002,10614,31040502.0,0.0,0,29.25,0
20180629,1530201600000,28.330000000000002,29.660000000000004,28.330000000000002,29.51,13192,38610756.00000001,0.0,0,28.720000000000002,0
20180702,1530460800000,29.69,29.87,29.060000000000002,29.35,13353,39437985.0,0.0,0,29.51,0
20180703,1530547200000,29.31,29.99,29.0,29.99,16373,48362433.99999999,0.0,0,29.35,0
20180704,1530633600000,29.87,29.9,28.0,28.56,15916,46338784.0,0.0,0,29.99,0
20180705,1530720000000,28.490000000000002,28.880000000000003,26.650000000000002,26.660000000000004,14278,39809504.0,0.0,0,28.560000000000002,0
20180706,1530806400000,26.599999999999998,27.45,26.2,27.2,12497,33764710.0,0.0,0,26.66,0
20180709,1531065600000,27.2,28.12,27.2,27.96,9913,27612460.0,0.0,0,27.2,0
20180710,1531152000000,28.000000000000004,29.980000000000004,27.900000000000002,29.540000000000003,21865,63892183.00000001,0.0,0,27.96,0
20180711,1531238400000,29.1,29.6,28.55,29.54,17093,49596489.00000001,0.0,0,29.54,0
20180712,1531324800000,29.1,30.290000000000003,29.1,29.92,20697,61716342.0,0.0,0,29.540000000000003,0
20180713,1531411200000,29.91,30.040000000000003,29.28,29.53,13945,41241383.0,0.0,0,29.92,0
20180716,1531670400000,29.560000000000002,29.560000000000002,29.01,29.3,8011,23418858.0,0.0,0,29.53,0
20180717,1531756800000,29.66,29.66,28.78,29.3,9518,27785465.000000004,0.0,0,29.3,0
20180718,1531843200000,29.3,29.65,29.04,29.09,9624,28249139.000000004,0.0,0,29.3,0
20180719,1531929600000,29.09,29.44,28.8,28.96,10216,29663363.999999996,0.0,0,29.09,0
20180720,1532016000000,28.96,29.290000000000003,28.51,29.23,11502,33257445.0,0.0,0,28.96,0
20180723,1532275200000,29.09,29.38,28.88,29.34,10252,29947699.0,0.0,0,29.23,0
20180724,1532361600000,29.34,31.58,29.34,30.9,29599,90923636.0,0.0,0,29.34,0
20180725,1532448000000,30.8,30.880000000000003,30.03,30.12,20134,61124610.0,0.0,0,30.900000000000002,0
20180726,1532534400000,29.939999999999998,30.5,29.7,29.7,15597,46846512.0,0.0,0,30.12,0
20180727,1532620800000,29.400000000000002,29.98,29.28,29.330000000000002,9111,26927188.0,0.0,0,29.700000000000003,0
20180730,1532880000000,29.330000000000002,30.290000000000003,29.28,29.34,12523,37111890.0,0.0,0,29.330000000000002,0
20180731,1532966400000,29.24,29.459999999999997,27.72,28.13,12836,36536935.0,0.0,0,29.34,0
20180801,1533052800000,28.79,28.81,28.02,28.13,10004,28508319.0,0.0,0,28.13,0
20180802,1533139200000,28.0,28.099999999999998,26.2,27.18,13750,37253007.0,0.0,0,28.13,0
20180803,1533225600000,27.53,27.53,26.650000000000002,26.840000000000003,7221,19437579.0,0.0,0,27.180000000000003,0
20180806,1533484800000,26.84,27.099999999999998,26.61,26.71,7023,18833851.0,0.0,0,26.84,0
20180807,1533571200000,26.990000000000002,27.790000000000003,26.92,27.73,11105,30495702.999999996,0.0,0,26.71,0
20180808,1533657600000,27.52,27.85,27.0,27.01,8281,22646949.0,0.0,0,27.73,0
20180809,1533744000000,26.53,28.0,26.53,27.44,13249,36544618.0,0.0,0,27.01,0
20180810,1533830400000,27.790000000000003,27.82,27.330000000000002,27.51,9151,25237680.0,0.0,0,27.44,0
20180813,1534089600000,26.69,27.770000000000003,26.69,27.560000000000002,7378,20026094.0,0.0,0,27.51,0
20180814,1534176000000,27.66,27.69,27.02,27.37,5339,14673056.0,0.0,0,27.56,0
20180815,1534262400000,27.400000000000002,28.28,27.21,27.45,13780,38219154.0,0.0,0,27.37,0
20180816,1534348800000,27.05,27.369999999999997,26.63,26.91,8782,23755549.0,0.0,0,27.45,0
20180817,1534435200000,27.66,27.66,26.41,26.64,7589,20447150.0,0.0,0,26.91,0
20180820,1534694400000,26.4,26.86,26.02,26.69,6842,18149862.0,0.0,0,26.64,0
20180821,1534780800000,27.15,27.15,26.7,26.759999999999998,7701,20721872.0,0.0,0,26.689999999999998,0
20180822,1534867200000,27.05,27.05,26.1,26.150000000000002,7663,20248559.999999996,0.0,0,26.76,0
20180823,1534953600000,26.15,26.48,26.0,26.28,7172,18844650.0,0.0,0,26.15,0
20180824,1535040000000,26.3,26.400000000000002,26.03,26.17,5602,14693324.0,0.0,0,26.28,0
20180827,1535299200000,26.0,26.57,26.0,26.49,8426,22250630.0,0.0,0,26.17,0
20180828,1535385600000,26.490000000000002,26.76,26.330000000000002,26.55,6995,18569929.0,0.0,0,26.490000000000002,0
20180829,1535472000000,26.360000000000003,26.660000000000004,26.150000000000002,26.500000000000004,6753,17804829.000000004,0.0,0,26.55,0
20180830,1535558400000,26.16,26.61,26.16,26.23,6011,15832263.0,0.0,0,26.5,0
20180831,1535644800000,26.680000000000003,26.680000000000003,26.060000000000002,26.060000000000002,5474,14384468.0,0.0,0,26.230000000000004,0
20180903,1535904000000,26.060000000000002,26.28,24.080000000000002,24.96,10669,26707411.0,0.0,0,26.060000000000002,0
20180904,1535990400000,24.5,25.15,24.5,25.03,5201,12983600.0,0.0,0,24.96,0
20180905,1536076800000,24.7,25.16,24.5,24.52,5618,13952536.0,0.0,0,25.03,0
20180906,1536163200000,24.35,24.9,24.18,24.43,5067,12442165.0,0.0,0,24.52,0
20180907,1536249600000,24.41,24.89,24.1,24.290000000000003,5339,13025722.0,0.0,0,24.43,0
20180910,1536508800000,24.48,24.66,23.13,23.3,6299,15067506.000000002,0.0,0,24.29,0
20180911,1536595200000,23.2,23.779999999999998,23.13,23.41,5397,12612651.0,0.0,0,23.3,0
20180912,1536681600000,23.41,23.68,23.13,23.24,5059,11809596.0,0.0,0,23.41,0
20180913,1536768000000,23.27,23.63,23.25,23.39,4876,11395951.0,0.0,0,23.24,0
20180914,1536854400000,23.389999999999997,23.58,23.31,23.34,5639,13208364.0,0.0,0,23.389999999999997,0
20180917,1537113600000,23.32,23.34,22.21,22.21,7539,16946161.0,0.0,0,23.34,0
20180918,1537200000000,22.2,22.65,21.88,22.5,6904,15487510.000000002,0.0,0,22.209999999999997,0
20180919,1537286400000,22.349999999999998,22.84,22.31,22.709999999999997,9441,21411861.0,0.0,0,22.5,0
20180920,1537372800000,22.48,22.81,22.48,22.48,5679,12845484.0,0.0,0,22.71,0
20180921,1537459200000,22.55,23.180000000000003,22.330000000000002,23.150000000000002,13382,30600192.999999996,0.0,0,22.48,0
20180925,1537804800000,23.12,23.330000000000002,22.78,22.94,7093,16301279.0,0.0,0,23.150000000000002,0
20180926,1537891200000,23.25,23.25,22.75,22.97,6771,15548486.000000002,0.0,0,22.94,0
20180927,1537977600000,23.0,25.27,22.81,24.22,29695,71963991.0,0.0,0,22.97,0
20180928,1538064000000,24.01,24.03,23.51,23.85,13419,31911455.0,0.0,0,24.220000000000002,0
20181008,1538928000000,23.67,23.67,22.37,22.380000000000003,10212,23317397.0,0.0,0,23.85,0
20181009,1539014400000,22.380000000000003,22.590000000000003,22.240000000000002,22.46,4344,9728312.0,0.0,0,22.380000000000003,0
20181010,1539100800000,22.82,23.96,22.82,23.51,13761,32337275.000000004,0.0,0,22.46,0
20181011,1539187200000,22.37,22.79,21.16,21.17,14579,31882090.0,0.0,0,23.51,0
20181012,1539273600000,20.950000000000003,21.5,20.17,21.23,9686,20367775.0,0.0,0,21.17,0
20181015,1539532800000,22.18,22.18,21.23,21.240000000000002,7014,15184489.0,0.0,0,21.23,0
20181016,1539619200000,21.0,21.48,20.5,20.79,6840,14420515.0,0.0,0,21.24,0
20181017,1539705600000,21.01,21.46,20.8,21.220000000000002,6170,13065977.000000002,0.0,0,20.79,0
20181018,1539792000000,22.0,23.340000000000003,21.51,21.69,22913,51310899.0,0.0,0,21.220000000000002,0
20181019,1539878400000,19.8,21.599999999999998,19.79,21.349999999999998,17299,35878830.0,0.0,0,21.689999999999998,0
20181022,1540137600000,21.25,22.76,21.25,22.09,16967,37436201.00000001,0.0,0,21.35,0
20181023,1540224000000,21.72,24.299999999999997,21.72,22.9,37449,87803196.0,0.0,0,22.09,0
20181024,1540310400000,22.5,22.84,22.2,22.43,17252,38697413.0,0.0,0,22.9,0
20181025,1540396800000,21.68,22.28,21.53,22.060000000000002,10996,24109374.0,0.0,0,22.43,0
20181026,1540483200000,22.21,22.98,22.21,22.35,11700,26383550.0,0.0,0,22.060000000000002,0
20181029,1540742400000,22.2,22.5,21.88,22.15,7455,16439295.0,0.0,0,22.349999999999998,0
20181030,1540828800000,22.14,22.5,22.0,22.4,10852,24228615.999999996,0.0,0,22.15,0
20181031,1540915200000,22.7,22.81,22.34,22.46,11201,25266635.0,0.0,0,22.4,0
20181101,1541001600000,22.79,22.79,22.18,22.5,11369,25603620.0,0.0,0,22.46,0
20181102,1541088000000,22.04,23.25,22.04,23.11,18250,41916040.0,0.0,0,22.5,0
20181105,1541347200000,22.85,23.330000000000002,22.400000000000002,22.750000000000004,15582,35675498.0,0.0,0,23.110000000000003,0
20181106,1541433600000,22.75,22.75,22.1,22.48,8653,19353392.000000004,0.0,0,22.75,0
20181107,1541520000000,22.43,22.689999999999998,22.13,22.2,9154,20485987.000000004,0.0,0,22.48,0
20181108,1541606400000,22.48,22.560000000000002,21.8,21.8,8058,17831983.999999996,0.0,0,22.2,0
20181109,1541692800000,21.7,21.97,21.61,21.72,4965,10828304.0,0.0,0,21.8,0
20181112,1541952000000,21.64,22.32,21.59,22.32,7647,16891314.0,0.0,0,21.72,0
20181113,1542038400000,21.96,22.64,21.900000000000002,22.53,11194,25029382.0,0.0,0,22.320000000000004,0
20181114,1542124800000,22.630000000000003,22.860000000000003,22.35,22.67,11324,25598908.000000004,0.0,0,22.53,0
20181115,1542211200000,23.29,23.29,22.72,23.0,16049,36856777.00000001,0.0,0,22.669999999999998,0
20181116,1542297600000,22.92,23.2,22.8,23.01,14479,33268187.999999996,0.0,0,23.0,0
20181119,1542556800000,23.0,24.88,22.5,24.63,35197,83743766.00000001,0.0,0,23.01,0
20181120,1542643200000,24.080000000000002,24.56,23.32,23.32,25437,60816294.0,0.0,0,24.63,0
20181121,1542729600000,23.200000000000003,23.39,22.51,23.09,12515,28772412.000000004,0.0,0,23.32,0
20181122,1542816000000,23.340000000000003,23.700000000000003,22.92,23.1,9060,21041582.000000004,0.0,0,23.090000000000003,0
20181123,1542902400000,23.099999999999998,23.22,21.7,21.9,11992,26868887.0,0.0,0,23.099999999999998,0
20181126,1543161600000,21.92,22.650000000000002,21.85,21.93,7773,17201995.0,0.0,0,21.900000000000002,0
20181127,1543248000000,21.970000000000002,22.2,21.8,21.98,6237,13704609.0,0.0,0,21.93,0
20181128,1543334400000,22.02,22.169999999999998,21.7,22.13,7142,15726872.0,0.0,0,21.98,0
20181129,1543420800000,22.349999999999998,22.349999999999998,21.61,21.669999999999998,7648,16898786.0,0.0,0,22.13,0
20181130,1543507200000,21.680000000000003,21.900000000000002,21.330000000000002,21.8,6647,14416297.0,0.0,0,21.67,0
20181203,1543766400000,22.200000000000003,22.57,22.19,22.310000000000002,9268,20731023.0,0.0,0,21.8,0
20181204,1543852800000,22.310000000000002,22.6,22.21,22.470000000000002,8511,19083620.0,0.0,0,22.310000000000002,0
20181205,1543939200000,22.1,23.5,21.0,23.11,18035,41188277.0,0.0,0,22.47,0
20181206,1544025600000,22.88,23.48,22.7,23.23,19736,45579542.0,0.0,0,23.11,0
20181207,1544112000000,23.7,25.5,23.48,24.03,44513,108520321.0,0.0,0,23.23,0
20181210,1544371200000,23.62,23.89,22.71,23.14,22341,51867057.0,0.0,0,24.03,0
20181211,1544457600000,23.099999999999998,23.349999999999998,22.81,22.86,11350,26103423.0,0.0,0,23.139999999999997,0
20181212,1544544000000,23.060000000000002,23.75,22.89,23.37,15309,35694724.0,0.0,0,22.86,0
20181213,1544630400000,23.360000000000003,23.85,23.080000000000002,23.430000000000003,16835,39612005.0,0.0,0,23.37,0
20181214,1544716800000,23.400000000000002,24.250000000000004,23.240000000000002,24.07,35355,84741396.00000001,0.0,0,23.430000000000003,0
20181217,1544976000000,24.03,26.48,23.98,26.48,43673,110841355.0,0.0,0,24.07,0
20181218,1545062400000,28.0,28.0,25.080000000000002,25.560000000000002,77149,205251349.0,0.0,0,26.48,0
20181219,1545148800000,25.09,25.200000000000003,24.1,24.23,37821,92905583.99999999,0.0,0,25.560000000000002,0
20181220,1545235200000,24.05,24.45,23.7,24.05,21270,51389719.00000001,0.0,0,24.23,0
20181221,1545321600000,23.85,24.430000000000003,23.330000000000002,23.830000000000002,17636,42154720.00000001,0.0,0,24.05,0
20181224,1545580800000,23.8,24.09,23.5,23.91,16065,38157786.0,0.0,0,23.83,0
20181225,1545667200000,23.39,23.560000000000002,22.85,23.3,17689,40897650.0,0.0,0,23.91,0
20181226,1545753600000,23.32,24.0,23.32,23.53,20103,47735683.0,0.0,0,23.3,0
20181227,1545840000000,23.89,24.87,23.5,24.03,31991,77028041.00000001,0.0,0,23.53,0
20181228,1545926400000,23.93,24.46,23.78,24.32,21505,52091639.0,0.0,0,24.03,0
20190102,1546358400000,24.99,25.27,24.0,24.0,24007,58897442.99999999,0.0,0,24.32,0
20190103,1546444800000,23.6,23.9,22.66,22.71,22214,51539658.0,0.0,0,24.0,0
20190104,1546531200000,22.3,23.3,22.12,22.91,13246,30267441.0,0.0,0,22.71,0
20190107,1546790400000,22.91,23.36,22.91,23.27,14690,34119187.0,0.0,0,22.91,0
20190108,1546876800000,23.13,23.45,23.02,23.22,7982,18522593.0,0.0,0,23.27,0
20190109,1546963200000,23.21,23.520000000000003,23.1,23.110000000000003,12051,28063808.0,0.0,0,23.220000000000002,0
20190110,1547049600000,23.16,23.45,23.0,23.04,11816,27481876.0,0.0,0,23.11,0
20190111,1547136000000,23.13,23.38,22.72,23.299999999999997,15203,35015117.0,0.0,0,23.04,0
20190114,1547395200000,23.25,23.29,22.48,22.66,11328,25896144.0,0.0,0,23.3,0
20190115,1547481600000,22.53,22.91,22.53,22.790000000000003,9803,22283784.0,0.0,0,22.66,0
20190116,1547568000000,22.98,25.07,22.900000000000002,25.07,35675,87619413.0,0.0,0,22.790000000000003,0
20190117,1547654400000,24.77,24.79,23.8,23.95,52295,126982953.00000001,0.0,0,25.07,0
20190118,1547740800000,24.25,24.28,23.68,23.99,22949,55007180.0,0.0,0,23.95,0
20190121,1548000000000,23.95,24.71,23.82,24.41,26773,65208160.00000001,0.0,0,23.990000000000002,0
20190122,1548086400000,24.0,24.64,23.91,24.580000000000002,23942,58343791.0,0.0,0,24.41,0
20190123,1548172800000,24.259999999999998,24.57,24.02,24.14,15832,38375880.0,0.0,0,24.58,0
20190124,1548259200000,24.03,24.45,24.0,24.07,14677,35464128.00000001,0.0,0,24.14,0
20190125,1548345600000,24.86,25.07,23.8,23.88,22269,54549261.0,0.0,0,24.07,0
20190128,1548604800000,23.86,24.0,22.77,23.099999999999998,18023,42120575.0,0.0,0,23.88,0
20190129,1548691200000,22.88,23.3,22.5,22.62,12059,27497733.0,0.0,0,23.1,0
20190130,1548777600000,22.65,22.95,22.56,22.599999999999998,7351,16738468.000000002,0.0,0,22.619999999999997,0
20190131,1548864000000,22.66,23.17,22.330000000000002,22.46,11060,25133504.000000004,0.0,0,22.6,0
20190201,1548950400000,22.490000000000002,23.250000000000004,22.490000000000002,23.150000000000002,9779,22501789.0,0.0,0,22.46,0
20190211,1549814400000,23.47,23.75,23.13,23.59,10685,25049943.000000004,0.0,0,23.15,0
20190212,1549900800000,23.88,23.88,22.95,23.86,14211,33596898.00000001,0.0,0,23.59,0
20190213,1549987200000,23.7,24.259999999999998,23.7,24.13,17881,43005316.00000001,0.0,0,23.86,0
20190214,1550073600000,24.19,24.26,23.92,24.130000000000003,13818,33302504.0,0.0,0,24.130000000000003,0
20190215,1550160000000,24.13,24.81,24.0,24.16,20924,51108203.00000001,0.0,0,24.13,0
20190218,1550419200000,24.220000000000002,24.740000000000002,24.21,24.740000000000002,20909,51378753.0,0.0,0,24.16,0
20190219,1550505600000,24.8,25.060000000000002,24.1,24.37,23348,57330751.0,0.0,0,24.740000000000002,0
20190220,1550592000000,24.32,24.470000000000002,24.01,24.450000000000003,15982,38846828.0,0.0,0,24.37,0
20190221,1550678400000,24.4,24.77,24.2,24.27,20370,49891573.00000001,0.0,0,24.45,0
20190222,1550764800000,24.68,25.25,24.68,25.08,30974,77323219.0,0.0,0,24.27,0
20190225,1551024000000,25.21,26.6,24.98,26.32,40547,104974153.0,0.0,0,25.080000000000002,0
20190226,1551110400000,26.32,26.75,25.6,25.900000000000002,37487,97775100.0,0.0,0,26.32,0
20190227,1551196800000,25.9,26.45,25.61,25.96,25410,66261253.0,0.0,0,25.9,0
20190228,1551283200000,26.0,26.349999999999998,25.88,26.15,16371,42672871.0,0.0,0,25.959999999999997,0
20190301,1551369600000,26.58,26.98,26.2,26.419999999999998,21494,57010044.0,0.0,0,26.15,0
20190304,1551628800000,26.200000000000003,27.01,26.19,26.43,34673,92543637.0,0.0,0,26.42,0
20190305,1551715200000,26.3,26.669999999999998,26.2,26.61,27689,73051931.0,0.0,0,26.43,0
20190306,1551801600000,26.580000000000002,26.84,26.3,26.69,29049,77241403.0,0.0,0,26.61,0
20190307,1551888000000,26.71,27.89,26.36,27.18,37917,102762545.0,0.0,0,26.689999999999998,0
20190308,1551974400000,26.03,26.490000000000002,25.310000000000002,25.400000000000002,30102,78351591.0,0.0,0,27.180000000000003,0
20190311,1552233600000,25.400000000000002,26.200000000000003,25.400000000000002,26.200000000000003,17371,44905466.0,0.0,0,25.400000000000002,0
20190312,1552320000000,26.28,26.790000000000003,26.1,26.43,27003,71479469.00000001,0.0,0,26.200000000000003,0
20190313,1552406400000,26.46,27.69,26.12,26.25,31013,83132324.0,0.0,0,26.43,0
20190314,1552492800000,26.26,26.37,25.1,25.28,19861,50932375.0,0.0,0,26.25,0
20190315,1552579200000,25.11,25.9,25.11,25.53,13284,33978464.0,0.0,0,25.28,0
20190318,1552838400000,25.700000000000003,26.180000000000003,25.310000000000002,26.070000000000004,14919,38506219.0,0.0,0,25.53,0
20190319,1552924800000,26.200000000000003,26.490000000000002,25.92,26.400000000000002,17904,46925343.0,0.0,0,26.07,0
20190320,1553011200000,26.45,26.7,25.84,26.36,16174,42551497.0,0.0,0,26.4,0
20190321,1553097600000,26.56,26.57,26.2,26.41,18658,49231904.0,0.0,0,26.36,0
20190322,1553184000000,26.990000000000002,27.400000000000002,26.6,26.970000000000002,34900,94238241.0,0.0,0,26.41,0
20190325,1553443200000,26.35,26.42,25.8,26.17,20093,52591668.0,0.0,0,26.97,0
20190326,1553529600000,26.04,26.38,25.27,25.41,15160,39202460.0,0.0,0,26.169999999999998,0
20190327,1553616000000,25.59,25.62,25.0,25.25,12372,31163457.0,0.0,0,25.41,0
20190328,1553702400000,25.28,25.55,25.0,25.24,10268,25977666.0,0.0,0,25.25,0
20190329,1553788800000,25.31,26.39,25.2,26.14,17990,46524042.0,0.0,0,25.24,0
20190401,1554048000000,26.2,26.82,26.2,26.65,25140,66774106.0,0.0,0,26.14,0
20190402,1554134400000,26.75,27.15,26.5,26.64,23532,63002053.0,0.0,0,26.65,0
20190403,1554220800000,26.5,26.85,26.3,26.830000000000002,18424,49135821.00000001,0.0,0,26.64,0
20190404,1554307200000,26.96,27.82,26.7,27.59,39568,107947813.0,0.0,0,26.83,0
20190408,1554652800000,27.77,27.77,26.5,26.73,27229,73868940.00000001,0.0,0,27.59,0
20190409,1554739200000,26.9,27.03,26.34,26.66,15609,41696789.0,0.0,0,26.73,0
20190410,1554825600000,26.700000000000003,27.490000000000002,26.51,27.020000000000003,19373,52332353.00000001,0.0,0,26.66,0
20190411,1554912000000,27.35,27.35,26.01,26.060000000000002,16179,42836377.0,0.0,0,27.020000000000003,0
20190412,1554998400000,26.080000000000002,26.18,25.48,25.7,12573,32414322.0,0.0,0,26.06,0
20190415,1555257600000,26.000000000000004,26.270000000000003,25.650000000000002,25.73,9584,24921030.0,0.0,0,25.700000000000003,0
20190416,1555344000000,25.72,26.25,25.38,26.11,11607,29982117.000000004,0.0,0,25.73,0
20190417,1555430400000,26.080000000000002,26.750000000000004,26.080000000000002,26.490000000000002,17129,45436911.99999999,0.0,0,26.110000000000003,0
20190418,1555516800000,26.41,26.78,26.28,26.5,11149,29612476.000000004,0.0,0,26.490000000000002,0
20190419,1555603200000,26.540000000000003,27.5,26.35,26.89,22270,60224194.00000001,0.0,0,26.5,0
20190422,1555862400000,26.970000000000002,26.970000000000002,26.330000000000002,26.450000000000003,12476,33104640.000000004,0.0,0,26.89,0
20190423,1555948800000,26.44,26.44,25.77,25.89,10585,27573017.0,0.0,0,26.45,0
20190424,1556035200000,25.81,26.439999999999998,25.72,26.27,10314,26964742.0,0.0,0,25.89,0
20190425,1556121600000,26.240000000000002,26.720000000000002,25.6,25.71,14119,36942789.0,0.0,0,26.270000000000003,0
20190426,1556208000000,25.71,25.990000000000002,24.89,24.92,13969,35392726.0,0.0,0,25.71,0
20190429,1556467200000,25.000000000000004,25.39,23.740000000000002,23.740000000000002,12780,31174071.0,0.0,0,24.92,0
20190430,1556553600000,24.2,24.23,23.72,23.83,8261,19791870.0,0.0,0,23.74,0
20190506,1557072000000,23.49,23.49,21.45,21.45,18018,40073407.00000001,0.0,0,23.83,0
20190507,1557158400000,21.59,21.96,21.28,21.720000000000002,10145,21964230.0,0.0,0,21.450000000000003,0
20190508,1557244800000,21.599999999999998,21.89,21.02,21.72,6995,15120581.000000002,0.0,0,21.72,0
20190509,1557331200000,21.5,21.8,21.36,21.56,5740,12425474.999999998,0.0,0,21.72,0
20190510,1557417600000,21.69,22.150000000000002,21.42,22.12,11297,24758300.999999996,0.0,0,21.560000000000002,0
20190513,1557676800000,21.98,22.24,21.75,21.85,10455,22933351.0,0.0,0,22.12,0
20190514,1557763200000,21.509999999999998,21.98,21.31,21.779999999999998,5930,12904404.000000002,0.0,0,21.849999999999998,0
20190515,1557849600000,21.51,22.5,21.51,22.21,9579,21237404.0,0.0,0,21.78,0
20190516,1557936000000,22.180000000000003,22.25,22.01,22.150000000000002,7339,16240410.0,0.0,0,22.21,0
20190517,1558022400000,22.18,22.209999999999997,21.22,21.25,9968,21586912.0,0.0,0,22.15,0
20190520,1558281600000,21.55,21.55,20.82,21.1,8685,18313157.0,0.0,0,21.25,0
20190521,1558368000000,21.150000000000002,21.53,21.1,21.450000000000003,7078,15116079.0,0.0,0,21.1,0
20190522,1558454400000,21.53,21.53,21.05,21.21,6170,13115575.0,0.0,0,21.45,0
20190523,1558540800000,21.3,21.38,20.5,20.6,8949,18645118.999999996,0.0,0,21.21,0
20190524,1558627200000,20.3,20.85,20.28,20.720000000000002,5021,10386064.0,0.0,0,20.6,0
20190527,1558886400000,20.32,21.26,20.32,21.2,6124,12904219.0,0.0,0,20.72,0
20190528,1558972800000,21.3,21.62,21.07,21.21,7687,16469055.000000002,0.0,0,21.2,0
20190529,1559059200000,21.15,21.48,21.11,21.24,5697,12141016.0,0.0,0,21.11,0
20190530,1559145600000,21.0,21.12,20.7,21.02,6436,13445324.999999998,0.0,0,21.24,0
20190531,1559232000000,21.080000000000002,21.490000000000002,20.98,21.23,7527,16014657.0,0.0,0,21.02,0
20190603,1559491200000,21.23,22.5,21.080000000000002,21.71,15088,32859047.0,0.0,0,21.23,0
20190604,1559577600000,21.500000000000004,21.570000000000004,20.650000000000002,20.87,11652,24445873.0,0.0,0,21.71,0
20190605,1559664000000,20.91,21.3,20.71,20.8,6601,13773038.000000002,0.0,0,20.87,0
20190606,1559750400000,20.75,20.79,20.29,20.31,6091,12448979.000000002,0.0,0,20.8,0
20190610,1560096000000,20.32,20.69,20.32,20.57,4174,8555047.0,0.0,0,20.31,0
20190611,1560182400000,20.68,22.3,20.57,21.46,12548,26912747.0,0.0,0,20.57,0
20190612,1560268800000,21.459999999999997,21.68,21.22,21.34,8500,18226322.0,0.0,0,21.459999999999997,0
20190613,1560355200000,21.34,21.67,21.21,21.53,8210,17641552.000000004,0.0,0,21.34,0
20190614,1560441600000,21.5,21.57,21.0,21.0,8254,17554413.0,0.0,0,21.53,0
20190617,1560700800000,21.1,21.22,20.84,21.02,4352,9148403.0,0.0,0,21.0,0
20190618,1560787200000,21.12,21.25,20.89,20.97,4028,8462706.0,0.0,0,21.02,0
20190619,1560873600000,21.5,21.5,21.18,21.18,5064,10792325.0,0.0,0,20.97,0
20190620,1560960000000,21.19,21.65,21.09,21.58,10297,22095176.0,0.0,0,21.18,0
20190621,1561046400000,21.84,22.2,21.64,21.78,14000,30595111.0,0.0,0,21.580000000000002,0
20190624,1561305600000,21.92,21.92,21.42,21.680000000000003,6759,14617684.0,0.0,0,21.78,0
20190625,1561392000000,21.8,22.29,21.79,22.02,13976,30748572.999999996,0.0,0,21.68,0
20190626,1561478400000,21.830000000000002,22.09,21.6,21.78,7397,16158284.0,0.0,0,22.020000000000003,0
20190627,1561564800000,22.080000000000002,22.080000000000002,21.580000000000002,21.680000000000003,6166,13456510.0,0.0,0,21.78,0
20190628,1561651200000,21.560000000000002,21.66,20.8,21.0,8096,17146374.0,0.0,0,21.68,0
20190701,1561910400000,21.5,21.560000000000002,21.28,21.46,7786,16703260.0,0.0,0,21.0,0
20190702,1561996800000,21.46,21.64,21.17,21.560000000000002,7700,16526948.0,0.0,0,21.46,0
20190703,1562083200000,21.5,22.080000000000002,21.44,21.84,11894,25947586.0,0.0,0,21.560000000000002,0
20190704,1562169600000,22.1,22.330000000000002,21.67,21.880000000000003,13778,30308965.0,0.0,0,21.840000000000003,0
20190705,1562256000000,21.880000000000003,21.880000000000003,21.35,21.6,8166,17641256.999999996,0.0,0,21.880000000000003,0
20190708,1562515200000,21.6,21.740000000000002,20.87,20.89,10201,21503929.0,0.0,0,21.6,0
20190709,1562601600000,20.87,21.8,20.59,21.36,9661,20258225.0,0.0,0,20.89,0
20190710,1562688000000,21.169999999999998,21.169999999999998,20.72,20.83,6603,13811891.0,0.0,0,21.36,0
20190711,1562774400000,20.830000000000002,21.05,20.8,20.86,5692,11905021.0,0.0,0,20.830000000000002,0
20190712,1562860800000,20.72,21.0,20.72,20.849999999999998,3642,7612534.0,0.0,0,20.86,0
20190715,1563120000000,20.799999999999997,21.169999999999998,20.72,21.119999999999997,6299,13259524.0,0.0,0,20.849999999999998,0
20190716,1563206400000,21.299999999999997,21.52,21.06,21.439999999999998,10284,21978254.0,0.0,0,21.119999999999997,0
20190717,1563292800000,21.31,21.47,21.16,21.24,5638,12034988.0,0.0,0,21.44,0
20190718,1563379200000,21.35,21.35,20.900000000000002,20.900000000000002,5476,11505806.999999998,0.0,0,21.240000000000002,0
20190719,1563465600000,21.09,21.290000000000003,21.01,21.040000000000003,4083,8626904.0,0.0,0,20.900000000000002,0
20190722,1563724800000,21.04,21.35,20.48,20.67,5697,11828980.0,0.0,0,21.04,0
20190723,1563811200000,20.64,20.89,20.64,20.77,3403,7054011.000000001,0.0,0,20.67,0
20190724,1563897600000,20.84,21.5,20.84,21.5,12316,26096338.0,0.0,0,20.77,0
20190725,1563984000000,21.41,21.59,21.18,21.37,13749,29516637.000000004,0.0,0,21.5,0
20190726,1564070400000,21.37,21.37,21.150000000000002,21.19,6024,12773788.0,0.0,0,21.37,0
20190729,1564329600000,21.19,21.37,21.09,21.09,4589,9713034.0,0.0,0,21.19,0
20190730,1564416000000,21.05,21.41,21.05,21.2,5345,11371024.000000002,0.0,0,21.09,0
20190731,1564502400000,21.11,21.32,21.07,21.29,4739,10072936.0,0.0,0,21.2,0
20190801,1564588800000,21.139999999999997,21.389999999999997,21.06,21.279999999999998,4415,9384439.0,0.0,0,21.29,0
20190802,1564675200000,21.19,21.19,20.68,20.81,6599,13764786.0,0.0,0,21.28,0
20190805,1564934400000,20.71,20.89,20.66,20.68,4539,9418984.0,0.0,0,20.81,0
20190806,1565020800000,20.330000000000002,20.66,19.8,20.0,8791,17663593.0,0.0,0,20.68,0
20190807,1565107200000,20.290000000000003,20.3,19.740000000000002,19.740000000000002,5499,10944644.000000002,0.0,0,20.000000000000004,0
20190808,1565193600000,19.75,19.93,19.71,19.71,4662,9235281.999999998,0.0,15,19.740000000000002,0
20190809,1565280000000,19.8,19.91,19.0,19.18,7174,13928109.0,0.0,15,19.71,0
20190812,1565539200000,19.2,19.52,19.04,19.47,5221,10066901.0,0.0,15,19.18,0
20190813,1565625600000,19.38,19.39,19.23,19.28,3357,6480817.0,0.0,15,19.47,0
20190814,1565712000000,19.41,19.7,19.41,19.57,6152,12044685.000000002,0.0,15,19.28,0
20190815,1565798400000,19.400000000000002,19.45,19.05,19.400000000000002,5820,11199984.0,0.0,15,19.57,0
20190816,1565884800000,19.55,19.55,19.37,19.41,5007,9749541.0,0.0,15,19.400000000000002,0
20190819,1566144000000,19.41,20.349999999999998,19.36,20.13,13837,27575578.0,0.0,15,19.41,0
20190820,1566230400000,20.13,20.18,19.82,19.89,9191,18361094.0,0.0,15,20.13,0
20190821,1566316800000,20.01,20.01,19.8,19.830000000000002,4796,9524838.0,0.0,15,19.89,0
20190822,1566403200000,19.85,19.95,19.75,19.85,3902,7751390.000000001,0.0,15,19.83,0
20190823,1566489600000,19.84,20.099999999999998,19.81,19.919999999999998,5326,10621811.0,0.0,15,19.849999999999998,0
20190826,1566748800000,19.599999999999998,19.599999999999998,19.38,19.459999999999997,6058,11804776.0,0.0,15,19.919999999999998,0
20190827,1566835200000,19.490000000000002,19.860000000000003,19.490000000000002,19.720000000000002,7266,14329977.0,0.0,15,19.46,0
20190828,1566921600000,19.6,19.900000000000002,19.6,19.8,6163,12211832.0,0.0,15,19.720000000000002,0
20190829,1567008000000,19.8,19.92,19.650000000000002,19.720000000000002,6165,12200648.999999998,0.0,15,19.8,0
20190830,1567094400000,19.93,19.93,19.45,19.71,7339,14452694.0,0.0,15,19.72,0
20190902,1567353600000,19.61,20.05,19.61,19.91,10375,20636259.0,0.0,15,19.71,0
20190903,1567440000000,20.01,20.490000000000002,19.85,20.42,21775,44160581.0,0.0,15,19.91,0
20190904,1567526400000,20.419999999999998,21.25,20.31,21.009999999999998,19846,41177870.0,0.0,15,20.419999999999998,0
20190905,1567612800000,21.01,21.3,20.830000000000002,20.98,14596,30807388.0,0.0,15,21.01,0
20190906,1567699200000,20.98,21.490000000000002,20.98,21.41,14875,31637644.0,0.0,15,20.98,0
20190909,1567958400000,22.5,22.5,21.39,21.66,21300,46215317.0,0.0,15,21.41,0
20190910,1568044800000,21.720000000000002,23.0,21.51,22.69,27508,61577981.0,0.0,15,21.66,0
20190911,1568131200000,22.96,23.150000000000002,22.1,22.98,24504,55422342.0,0.0,15,22.69,0
20190912,1568217600000,25.28,25.28,22.51,23.07,69941,166401318.0,0.0,15,22.98,0
20190916,1568563200000,22.0,22.400000000000002,21.85,21.880000000000003,28344,62436260.0,0.0,15,23.07,0
20190917,1568649600000,21.87,21.87,20.990000000000002,21.090000000000003,18727,39894054.0,0.0,15,21.880000000000003,0
20190918,1568736000000,21.4,21.4,20.97,21.06,11208,23730755.0,0.0,15,21.09,0
20190919,1568822400000,21.25,21.41,21.11,21.29,9847,20956686.0,0.0,15,21.06,0
20190920,1568908800000,21.349999999999998,21.389999999999997,21.06,21.09,8742,18516432.0,0.0,15,21.29,0
20190923,1569168000000,21.12,21.12,20.5,20.8,6774,14093623.0,0.0,15,21.09,0
20190924,1569254400000,20.8,21.1,20.8,20.8,7340,15348433.0,0.0,15,20.8,0
20190925,1569340800000,20.78,20.87,20.42,20.430000000000003,7942,16355213.000000002,0.0,15,20.8,0
20190926,1569427200000,20.49,20.69,19.93,20.07,8279,16801024.000000004,0.0,15,20.43,0
20190927,1569513600000,20.0,20.19,19.82,20.15,5889,11832755.0,0.0,15,20.07,0
20190930,1569772800000,20.1,20.26,19.900000000000002,19.950000000000003,3961,7930117.0,0.0,15,20.150000000000002,0
20191008,1570464000000,19.96,20.2,19.96,20.080000000000002,4178,8401227.0,0.0,15,19.95,0
20191009,1570550400000,20.0,20.2,20.0,20.2,4097,8255149.0,0.0,15,20.08,0
20191010,1570636800000,20.22,20.43,20.13,20.33,5032,10227569.0,0.0,15,20.2,0
20191011,1570723200000,20.45,20.92,20.37,20.8,10193,21146959.000000004,0.0,15,20.330000000000002,0
20191014,1570982400000,20.86,21.080000000000002,20.71,20.810000000000002,8587,17900498.0,0.0,15,20.8,0
20191015,1571068800000,20.74,20.87,20.43,20.45,4684,9621176.000000002,0.0,15,20.81,0
20191016,1571155200000,20.55,20.62,20.35,20.39,3944,8081891.999999999,0.0,15,20.450000000000003,0
20191017,1571241600000,20.39,20.55,20.3,20.36,2600,5302981.0,0.0,15,20.39,0
20191018,1571328000000,20.36,20.66,20.12,20.12,4970,10127796.0,0.0,15,20.36,0
20191021,1571587200000,20.17,20.39,20.1,20.39,3646,7383354.0,0.0,15,20.12,0
20191022,1571673600000,20.51,20.98,20.42,20.8,7119,14788046.0,0.0,15,20.39,0
20191023,1571760000000,20.62,20.89,20.48,20.55,4743,9786797.0,0.0,15,20.8,0
20191024,1571846400000,20.5,20.68,20.39,20.52,3441,7066078.000000001,0.0,15,20.55,0
20191025,1571932800000,20.51,20.75,20.51,20.630000000000003,3768,7781789.0,0.0,15,20.520000000000003,0
20191028,1572192000000,20.63,21.029999999999998,20.63,20.93,6944,14456631.0,0.0,15,20.63,0
20191029,1572278400000,21.040000000000003,21.180000000000003,20.650000000000002,20.650000000000002,7117,14914221.000000002,0.0,15,20.930000000000003,0
20191030,1572364800000,20.86,20.99,20.56,20.86,5374,11166415.0,0.0,15,20.65,0
20191031,1572451200000,20.79,20.88,20.52,20.56,4091,8450805.000000002,0.0,15,20.86,0
20191101,1572537600000,20.35,20.6,20.16,20.4,5014,10204940.0,0.0,15,20.56,0
20191104,1572796800000,20.44,20.580000000000002,20.35,20.35,3697,7557439.0,0.0,15,20.400000000000002,0
20191105,1572883200000,20.3,20.43,20.11,20.24,4665,9438832.0,0.0,15,20.349999999999998,0
20191106,1572969600000,20.3,20.37,20.09,20.13,3434,6948231.000000001,0.0,15,20.24,0
20191107,1573056000000,20.05,20.2,19.95,19.97,3971,7960722.0,0.0,15,20.13,0
20191108,1573142400000,20.0,20.169999999999998,19.93,19.93,3576,7162379.999999999,0.0,15,19.97,0
20191111,1573401600000,19.92,19.930000000000003,19.330000000000002,19.360000000000003,5848,11448503.0,0.0,15,19.930000000000003,0
20191112,1573488000000,19.52,19.52,19.02,19.22,3852,7404114.000000001,0.0,15,19.36,0
20191113,1573574400000,19.19,19.28,19.080000000000002,19.28,2649,5086058.000000001,0.0,15,19.220000000000002,0
20191114,1573660800000,19.28,19.700000000000003,19.26,19.55,3116,6086494.0,0.0,15,19.28,0
20191115,1573747200000,19.7,19.7,19.13,19.189999999999998,3045,5876789.0,0.0,15,19.55,0
20191118,1574006400000,19.0,19.27,19.0,19.23,2368,4548376.0,0.0,15,19.19,0
20191119,1574092800000,19.150000000000002,19.69,19.14,19.68,4022,7854697.0,0.0,15,19.23,0
20191120,1574179200000,19.689999999999998,19.7,19.36,19.38,3327,6489991.0,0.0,15,19.68,0
20191121,1574265600000,19.41,20.06,19.31,19.509999999999998,9242,18185001.0,0.0,15,19.38,0
20191122,1574352000000,19.470000000000002,19.64,19.28,19.290000000000003,5435,10542608.0,0.0,15,19.51,0
20191125,1574611200000,19.36,19.45,19.16,19.18,3455,6642100.000000001,0.0,15,19.29,0
20191126,1574697600000,19.2,19.35,19.18,19.21,1872,3603311.9999999995,0.0,15,19.18,0
20191127,1574784000000,19.1,19.32,19.1,19.14,2487,4766967.0,0.0,15,19.21,0
20191128,1574870400000,19.150000000000002,19.3,19.1,19.12,1493,2862999.0,0.0,15,19.14,0
20191129,1574956800000,19.14,19.26,19.1,19.200000000000003,1702,3258888.0,0.0,15,19.12,0
20191202,1575216000000,19.330000000000002,19.330000000000002,19.16,19.26,1461,2811744.0,0.0,15,19.2,0
20191203,1575302400000,19.16,19.270000000000003,19.1,19.220000000000002,2092,4011113.0,0.0,15,19.26,0
20191204,1575388800000,19.11,19.29,19.04,19.24,1954,3748208.0,0.0,15,19.22,0
20191205,1575475200000,19.25,19.5,19.21,19.35,3664,7087992.0,0.0,15,19.240000000000002,0
20191206,1575561600000,19.47,19.47,19.2,19.31,3236,6239440.0,0.0,15,19.349999999999998,0
20191209,1575820800000,19.310000000000002,19.46,19.28,19.35,2137,4133363.0000000005,0.0,15,19.310000000000002,0
20191210,1575907200000,19.35,19.38,19.3,19.37,2215,4284368.0,0.0,15,19.35,0
20191211,1575993600000,19.41,19.43,19.34,19.4,3147,6096303.000000001,0.0,15,19.37,0
20191212,1576080000000,19.450000000000003,19.450000000000003,19.240000000000002,19.26,2510,4853632.0,0.0,15,19.400000000000002,0
20191213,1576166400000,19.330000000000002,19.43,19.32,19.43,4597,8912292.0,0.0,15,19.26,0
20191216,1576425600000,19.65,19.95,19.63,19.88,9098,18039659.0,0.0,15,19.43,0
20191217,1576512000000,19.73,20.0,19.73,20.0,8430,16772667.0,0.0,15,19.88,0
20191218,1576598400000,20.080000000000002,20.180000000000003,19.830000000000002,19.900000000000002,6270,12550103.000000002,0.0,15,20.000000000000004,0
20191219,1576684800000,19.86,20.03,19.77,19.91,7058,14031256.0,0.0,15,19.9,0
20191220,1576771200000,20.0,20.17,19.85,19.89,7635,15291593.000000002,0.0,15,19.91,0
20191223,1577030400000,19.94,19.99,19.5,19.5,5683,11212942.0,0.0,15,19.89,0
20191224,1577116800000,19.55,19.7,19.55,19.69,3322,6525181.0,0.0,15,19.5,0
20191225,1577203200000,19.63,19.74,19.52,19.62,3209,6290430.000000001,0.0,15,19.69,0
20191226,1577289600000,19.68,19.830000000000002,19.55,19.77,4313,8494305.000000002,0.0,15,19.62,0
20191227,1577376000000,20.07,20.09,19.73,19.77,5371,10686678.0,0.0,15,19.77,0
20191230,1577635200000,19.77,19.85,19.5,19.77,4581,9020686.0,0.0,15,19.77,0
20191231,1577721600000,19.77,20.05,19.63,20.009999999999998,6591,13107420.999999998,0.0,15,19.77,0
20200102,1577894400000,20.0,20.34,19.96,20.330000000000002,11116,22434158.0,0.0,15,20.01,0
20200103,1577980800000,20.67,20.67,20.3,20.330000000000002,11586,23681927.0,0.0,15,20.330000000000002,0
20200106,1578240000000,20.13,20.58,20.06,20.36,11183,22730751.0,0.0,15,20.33,0
20200107,1578326400000,20.46,20.669999999999998,20.29,20.45,8954,18288571.0,0.0,15,20.36,0
20200108,1578412800000,20.36,20.44,20.0,20.04,9342,18888504.0,0.0,15,20.45,0
20200109,1578499200000,20.14,20.32,20.12,20.25,5793,11710803.0,0.0,15,20.040000000000003,0
20200110,1578585600000,20.330000000000002,20.34,20.12,20.150000000000002,4391,8864008.0,0.0,15,20.25,0
20200113,1578844800000,20.14,20.25,19.95,20.21,4036,8117846.0,0.0,15,20.15,0
20200114,1578931200000,20.25,20.6,20.16,20.42,10576,21589249.0,0.0,15,20.21,0
20200115,1579017600000,20.400000000000002,20.44,20.03,20.26,5602,11336775.0,0.0,15,20.42,0
20200116,1579104000000,20.2,20.27,20.04,20.07,4234,8523339.0,0.0,15,20.259999999999998,0
20200117,1579190400000,20.099999999999998,20.189999999999998,20.04,20.07,3681,7401497.000000001,0.0,15,20.07,0
20200120,1579449600000,20.0,20.33,20.0,20.3,5709,11518005.000000002,0.0,15,20.07,0
20200121,1579536000000,20.200000000000003,20.3,19.92,19.970000000000002,6501,13039331.0,0.0,15,20.3,0
20200122,1579622400000,19.930000000000003,19.990000000000002,19.580000000000002,19.92,6103,12079781.0,0.0,15,19.970000000000002,0
20200123,1579708800000,19.9,20.24,19.31,19.45,7762,15344234.0,0.0,15,19.919999999999998,0
20200203,1580659200000,17.51,17.51,17.51,17.51,2489,4358239.0,0.0,15,19.450000000000003,0
20200204,1580745600000,16.27,17.12,16.27,16.71,12768,21295450.0,0.0,15,17.509999999999998,0
20200205,1580832000000,16.71,17.05,16.66,16.8,13112,22098785.0,0.0,15,16.71,0
20200206,1580918400000,16.830000000000002,17.060000000000002,16.62,17.03,10232,17274400.0,0.0,15,16.8,0
20200207,1581004800000,16.970000000000002,17.060000000000002,16.8,17.060000000000002,8767,14876460.000000002,0.0,15,17.03,0
20200210,1581264000000,17.06,17.27,16.9,17.259999999999998,7907,13560728.0,0.0,15,17.06,0
20200211,1581350400000,17.32,18.58,17.2,18.29,18179,32437298.0,0.0,15,17.259999999999998,0
20200212,1581436800000,17.98,18.290000000000003,17.85,18.200000000000003,10632,19202092.000000004,0.0,15,18.290000000000003,0
20200213,1581523200000,18.17,18.17,17.76,17.900000000000002,8274,14816432.0,0.0,15,18.200000000000003,0
20200214,1581609600000,17.849999999999998,17.99,17.77,17.84,5883,10493266.0,0.0,15,17.9,0
20200217,1581868800000,17.96,18.270000000000003,17.85,18.240000000000002,8952,16204861.999999998,0.0,15,17.84,0
20200218,1581955200000,18.28,18.400000000000002,18.150000000000002,18.400000000000002,9877,18051398.0,0.0,15,18.240000000000002,0
20200219,1582041600000,18.25,18.52,18.22,18.23,7848,14431045.000000002,0.0,15,18.4,0
20200220,1582128000000,18.25,18.48,18.1,18.330000000000002,9933,18144171.0,0.0,15,18.23,0
20200221,1582214400000,18.22,18.779999999999998,18.22,18.52,11998,22296652.0,0.0,15,18.33,0
20200224,1582473600000,18.520000000000003,18.520000000000003,18.150000000000002,18.310000000000002,8868,16235844.000000002,0.0,15,18.520000000000003,0
20200225,1582560000000,17.91,18.08,17.5,17.86,12567,22366312.0,0.0,15,18.31,0
20200226,1582646400000,17.86,18.7,17.86,18.25,15874,29075525.000000004,0.0,15,17.86,0
20200227,1582732800000,18.25,18.65,18.25,18.45,13216,24440259.0,0.0,15,18.25,0
20200228,1582819200000,17.98,18.05,17.02,17.14,13354,23542239.999999996,0.0,15,18.45,0
20200302,1583078400000,17.57,18.849999999999998,17.36,18.849999999999998,21490,39539973.00000001,0.0,15,17.14,0
20200303,1583164800000,19.0,20.74,19.0,20.03,49849,100280134.00000001,0.0,15,18.85,0
20200304,1583251200000,19.7,20.14,19.3,19.91,26785,52878578.00000001,0.0,15,20.03,0
20200305,1583337600000,20.2,20.34,19.57,19.66,21783,43105158.0,0.0,15,19.91,0
20200306,1583424000000,19.650000000000002,19.76,19.150000000000002,19.46,16214,31395552.000000004,0.0,15,19.660000000000004,0
20200309,1583683200000,18.75,19.44,18.6,18.68,13652,25789128.000000004,0.0,15,19.46,0
20200310,1583769600000,18.200000000000003,19.290000000000003,18.1,18.92,14259,26618718.0,0.0,15,18.68,0
20200311,1583856000000,18.95,19.3,18.38,18.52,10431,19607112.0,0.0,15,18.919999999999998,0
20200312,1583942400000,18.2,18.48,18.09,18.26,8920,16268641.0,0.0,15,18.52,0
20200313,1584028800000,17.48,18.0,17.06,17.689999999999998,11840,20668869.0,0.0,15,18.259999999999998,0
20200316,1584288000000,17.94,18.5,17.330000000000002,17.400000000000002,10861,19386197.0,0.0,15,17.69,0
20200317,1584374400000,17.43,17.950000000000003,17.1,17.66,8879,15505820.0,0.0,15,17.400000000000002,0
20200318,1584460800000,18.0,18.42,17.46,17.46,8265,14794608.000000002,0.0,15,17.66,0
20200319,1584547200000,17.42,17.720000000000002,17.17,17.540000000000003,7556,13108595.0,0.0,15,17.46,0
20200320,1584633600000,17.51,18.0,17.51,17.830000000000002,6856,12192581.000000002,0.0,15,17.540000000000003,0
20200323,1584892800000,17.26,17.630000000000003,17.12,17.17,5838,10115144.0,0.0,15,17.830000000000002,0
20200324,1584979200000,17.64,17.64,16.830000000000002,17.42,6543,11350432.0,0.0,15,17.17,0
20200325,1585065600000,17.8,17.880000000000003,17.53,17.650000000000002,6035,10671720.0,0.0,15,17.42,0
20200326,1585152000000,17.7,17.8,17.45,17.46,5290,9322255.0,0.0,15,17.65,0
20200327,1585238400000,17.68,18.28,17.12,17.950000000000003,12766,22828728.0,0.0,15,17.46,0
20200330,1585497600000,17.849999999999998,17.849999999999998,17.11,17.37,8086,14049787.0,0.0,15,17.95,0
20200331,1585584000000,17.37,17.6,17.37,17.560000000000002,5305,9270290.0,0.0,15,17.37,0
20200401,1585670400000,18.0,19.32,18.0,18.61,39784,75235762.00000001,0.0,15,17.56,0
20200402,1585756800000,18.0,18.38,17.68,18.3,25977,47071077.99999999,0.0,15,18.61,0
20200403,1585843200000,18.16,18.48,17.73,17.830000000000002,17852,32155049.000000004,0.0,15,18.3,0
20200407,1586188800000,17.990000000000002,18.250000000000004,17.990000000000002,18.110000000000003,15201,27526250.999999996,0.0,15,17.830000000000002,0
20200408,1586275200000,18.18,18.18,17.81,17.919999999999998,12190,21904981.000000004,0.0,15,18.11,0
20200409,1586361600000,17.990000000000002,18.07,17.82,17.88,8328,14912757.000000002,0.0,15,17.92,0
20200410,1586448000000,17.95,17.95,17.5,17.6,8304,14685018.0,0.0,15,17.88,0
20200413,1586707200000,17.639999999999997,17.65,17.31,17.5,3764,6576235.0,0.0,15,17.599999999999998,0
20200414,1586793600000,17.500000000000004,17.98,17.490000000000002,17.87,6911,12313497.0,0.0,15,17.500000000000004,0
20200415,1586880000000,17.87,17.970000000000002,17.650000000000002,17.73,4304,7670208.999999999,0.0,15,17.87,0
20200416,1586966400000,17.650000000000002,17.950000000000003,17.6,17.82,6078,10814921.0,0.0,15,17.73,0
20200417,1587052800000,17.89,18.450000000000003,17.76,17.950000000000003,12194,22061308.0,0.0,15,17.82,0
20200420,1587312000000,17.82,18.15,17.82,18.04,8725,15710531.0,0.0,15,17.95,0
20200421,1587398400000,17.96,18.07,17.6,18.01,9348,16646929.0,0.0,15,18.040000000000003,0
20200422,1587484800000,17.8,18.560000000000002,17.8,18.18,10157,18472309.0,0.0,15,18.01,0
20200423,1587571200000,18.18,18.25,17.89,17.900000000000002,7756,13953276.0,0.0,15,18.18,0
20200424,1587657600000,17.94,18.05,17.64,17.84,7347,13110607.0,0.0,15,17.900000000000002,0
20200427,1587916800000,17.8,17.990000000000002,17.44,17.450000000000003,7140,12640757.0,0.0,15,17.84,0
20200428,1588003200000,17.45,17.509999999999998,16.9,17.119999999999997,8426,14462566.000000002,0.0,15,17.45,0
20200429,1588089600000,17.119999999999997,17.49,16.88,17.2,4511,7768062.0,0.0,15,17.119999999999997,0
20200430,1588176000000,17.2,17.49,17.2,17.37,6808,11786457.0,0.0,15,17.2,0
20200506,1588694400000,17.11,17.97,17.11,17.78,8103,14273009.0,0.0,15,17.37,0
20200507,1588780800000,17.78,17.840000000000003,17.580000000000002,17.6,5640,9967670.999999998,0.0,15,17.78,0
20200508,1588867200000,17.79,17.79,17.54,17.71,4389,7759367.0,0.0,15,17.599999999999998,0
20200511,1589126400000,17.68,17.97,17.66,17.96,9165,16348780.000000002,0.0,15,17.71,0
20200512,1589212800000,17.91,17.95,17.38,17.669999999999998,7206,12715426.000000002,0.0,15,17.959999999999997,0
20200513,1589299200000,17.57,17.76,17.46,17.68,5086,8983475.0,0.0,15,17.67,0
20200514,1589385600000,17.66,18.58,17.54,17.84,10528,18937943.0,0.0,15,17.68,0
20200515,1589472000000,17.94,18.06,17.75,17.8,5251,9391406.0,0.0,15,17.84,0
20200518,1589731200000,17.7,17.9,17.54,17.56,5032,8905732.0,0.0,15,17.8,0
20200519,1589817600000,17.59,17.73,16.0,17.15,10595,18374424.0,0.0,15,17.56,0
20200520,1589904000000,17.5,17.5,17.12,17.220000000000002,6598,11398212.000000002,0.0,15,17.150000000000002,0
20200521,1589990400000,17.12,17.53,17.05,17.12,5393,9247654.0,0.0,15,17.220000000000002,0
20200522,1590076800000,17.12,17.14,16.69,16.810000000000002,6323,10670207.0,0.0,15,17.12,0
20200525,1590336000000,16.810000000000002,17.04,16.71,16.94,2791,4717704.0,0.0,15,16.810000000000002,0
20200526,1590422400000,16.96,17.12,16.87,17.05,3168,5388061.0,0.0,15,16.94,0
20200527,1590508800000,17.009999999999998,17.08,16.9,16.939999999999998,3164,5367709.0,0.0,15,17.049999999999997,0
20200528,1590595200000,16.849999999999998,16.939999999999998,16.56,16.79,3684,6185039.000000001,0.0,15,16.939999999999998,0
20200529,1590681600000,16.759999999999998,16.98,16.68,16.83,2180,3676416.0,0.0,15,16.79,0
20200601,1590940800000,16.97,17.27,16.81,17.18,4952,8467940.0,0.0,15,16.83,0
20200602,1591027200000,17.14,17.35,17.01,17.19,3898,6700715.0,0.0,15,17.180000000000003,0
20200603,1591113600000,17.23,17.39,17.11,17.29,5259,9081503.0,0.0,15,17.189999999999998,0
20200604,1591200000000,17.37,17.57,17.17,17.19,4856,8369525.0,0.0,15,17.290000000000003,0
20200605,1591286400000,17.150000000000002,17.34,17.01,17.17,3035,5193061.000000001,0.0,15,17.19,0
20200608,1591545600000,17.2,17.28,17.12,17.150000000000002,2528,4346023.0,0.0,15,17.17,0
20200609,1591632000000,17.17,17.18,16.98,17.080000000000002,4581,7829770.0,0.0,15,17.150000000000002,0
20200610,1591718400000,17.09,17.19,17.01,17.110000000000003,2880,4929219.0,0.0,15,17.080000000000002,0
20200611,1591804800000,17.13,17.14,16.72,16.9,4736,8038491.0,0.0,15,17.11,0
20200612,1591891200000,16.94,17.2,16.8,17.18,5089,8671956.0,0.0,15,16.900000000000002,0
20200615,1592150400000,17.21,17.48,17.02,17.15,4384,7540086.0,0.0,15,17.18,0
20200616,1592236800000,17.15,17.29,17.07,17.240000000000002,3818,6553593.0,0.0,15,17.15,0
20200617,1592323200000,17.24,17.62,17.18,17.45,8914,15573592.0,0.0,15,17.24,0
20200618,1592409600000,17.43,17.43,17.13,17.18,3843,6617401.0,0.0,15,17.349999999999998,0
20200619,1592496000000,17.21,17.35,17.18,17.21,3396,5851546.0,0.0,15,17.18,0
20200622,1592755200000,17.349999999999998,17.41,17.13,17.22,3906,6717720.000000001,0.0,15,17.209999999999997,0
20200623,1592841600000,17.23,17.25,16.97,17.029999999999998,4772,8132096.999999999,0.0,15,17.22,0
20200624,1592928000000,17.02,17.150000000000002,16.89,16.900000000000002,3237,5493950.0,0.0,15,17.03,0
20200629,1593360000000,16.9,17.189999999999998,16.9,16.95,4953,8446374.0,0.0,15,16.9,0
20200630,1593446400000,16.91,17.17,16.91,17.11,4915,8410146.999999998,0.0,15,16.95,0
20200701,1593532800000,17.17,17.220000000000002,17.080000000000002,17.110000000000003,4416,7568355.000000001,0.0,15,17.110000000000003,0
20200702,1593619200000,17.09,17.5,17.09,17.44,11728,20326563.0,0.0,15,17.11,0
20200703,1593705600000,17.44,17.8,17.44,17.580000000000002,9971,17571105.0,0.0,15,17.44,0
20200706,1593964800000,17.59,18.18,17.59,18.14,13594,24440473.0,0.0,15,17.58,0
20200707,1594051200000,18.14,18.42,17.96,18.12,18578,33711228.0,0.0,15,18.14,0
20200708,1594137600000,18.12,18.39,18.0,18.35,14825,26968540.0,0.0,15,18.12,0
20200709,1594224000000,18.400000000000002,18.78,18.28,18.66,18287,33918667.0,0.0,15,18.35,0
20200710,1594310400000,18.75,19.07,18.6,18.650000000000002,18676,35118655.0,0.0,15,18.66,0
20200713,1594569600000,18.65,18.98,18.5,18.91,15063,28297781.999999996,0.0,15,18.65,0
20200714,1594656000000,18.91,19.2,18.43,18.8,15572,29216972.0,0.0,15,18.91,0
20200715,1594742400000,19.020000000000003,19.020000000000003,18.17,18.17,12753,23641672.0,0.0,15,18.8,0
20200716,1594828800000,18.2,19.25,18.18,18.2,25852,48383271.99999999,0.0,15,18.169999999999998,0
20200717,1594915200000,17.990000000000002,18.28,17.330000000000002,18.130000000000003,17684,31533658.0,0.0,15,18.200000000000003,0
20200720,1595174400000,18.009999999999998,18.759999999999998,17.88,18.54,12637,23350730.000000004,0.0,15,18.13,0
20200721,1595260800000,18.3,18.98,18.26,18.880000000000003,15424,28783145.0,0.0,15,18.540000000000003,0
20200722,1595347200000,18.6,19.330000000000002,18.51,18.59,18151,34212557.0,0.0,15,18.880000000000003,0
20200723,1595433600000,18.310000000000002,18.82,18.17,18.700000000000003,13530,24989408.0,0.0,15,18.590000000000003,0
20200724,1595520000000,18.700000000000003,19.3,18.080000000000002,18.150000000000002,15674,29322706.0,0.0,15,18.700000000000003,0
20200727,1595779200000,18.4,18.4,17.77,17.95,8825,15890147.0,0.0,15,18.15,0
20200728,1595865600000,17.98,18.48,17.98,18.16,5161,9390072.0,0.0,15,17.95,0
20200729,1595952000000,18.06,18.55,17.95,18.47,9609,17606178.0,0.0,15,18.16,0
20200730,1596038400000,18.57,18.64,18.29,18.349999999999998,8013,14774885.0,0.0,15,18.47,0
20200731,1596124800000,18.369999999999997,18.84,18.31,18.81,14336,26740514.000000004,0.0,15,18.349999999999998,0
20200803,1596384000000,18.810000000000002,19.05,18.76,18.900000000000002,13499,25477652.000000004,0.0,15,18.810000000000002,0
20200804,1596470400000,19.09,19.09,18.66,18.87,10058,18913065.0,0.0,15,18.9,0
20200805,1596556800000,18.880000000000003,19.37,18.6,19.150000000000002,18315,34974179.0,0.0,15,18.87,0
20200806,1596643200000,19.09,19.28,18.5,18.75,11777,22136348.999999996,0.0,15,19.15,0
20200807,1596729600000,18.790000000000003,18.93,18.35,18.540000000000003,7727,14345413.999999998,0.0,15,18.75,0
20200810,1596988800000,18.64,19.18,18.55,18.85,11499,21674043.0,0.0,15,18.54,0
20200811,1597075200000,18.85,19.03,18.400000000000002,18.42,9495,17699099.0,0.0,15,18.85,0
20200812,1597161600000,18.590000000000003,18.590000000000003,17.92,18.28,8717,15823530.0,0.0,15,18.42,0
20200813,1597248000000,18.19,18.700000000000003,18.19,18.51,8487,15737627.000000002,0.0,15,18.28,0
20200814,1597334400000,18.37,18.64,18.23,18.63,6896,12734965.000000002,0.0,15,18.51,0
20200817,1597593600000,18.700000000000003,19.000000000000004,18.580000000000002,18.94,9142,17243062.0,0.0,15,18.630000000000003,0
20200818,1597680000000,18.75,18.88,18.57,18.65,10926,20404859.0,0.0,15,18.94,0
20200819,1597766400000,19.04,19.52,18.68,18.9,26063,49680786.99999999,0.0,15,18.65,0
20200820,1597852800000,18.47,18.8,18.2,18.22,13362,24473429.0,0.0,15,18.9,0
20200821,1597939200000,18.31,18.43,18.2,18.29,7001,12805656.000000002,0.0,15,18.22,0
20200824,1598198400000,18.18,18.46,18.18,18.38,6704,12300083.0,0.0,15,18.29,0
20200825,1598284800000,18.38,19.24,18.25,19.0,24790,46819708.0,0.0,15,18.38,0
20200826,1598371200000,19.14,20.200000000000003,18.900000000000002,19.450000000000003,47300,92335163.0,0.0,15,19.000000000000004,0
20200827,1598457600000,19.16,20.58,19.02,20.13,46554,92902141.00000001,0.0,15,19.45,0
20200828,1598544000000,19.89,19.89,19.400000000000002,19.73,23938,47052662.0,0.0,15,20.130000000000003,0
20200831,1598803200000,19.779999999999998,20.24,19.63,19.74,18576,36902124.0,0.0,15,19.73,0
20200901,1598889600000,19.67,19.69,19.19,19.46,21162,40947297.0,0.0,15,19.740000000000002,0
20200902,1598976000000,19.59,20.49,19.31,20.36,37558,75373678.0,0.0,15,19.459999999999997,0
20200903,1599062400000,20.66,20.689999999999998,19.61,19.78,28778,57701601.00000001,0.0,15,20.36,0
20200904,1599148800000,19.3,20.150000000000002,18.990000000000002,19.990000000000002,19422,38144024.0,0.0,15,19.78,0
20200907,1599408000000,20.0,21.110000000000003,19.92,20.400000000000002,44838,92459897.0,0.0,15,19.990000000000002,0
20200908,1599494400000,20.560000000000002,21.21,20.1,21.080000000000002,41546,86453681.00000001,0.0,15,20.400000000000002,0
20200909,1599580800000,20.759999999999998,21.61,20.13,20.48,43125,90176120.0,0.0,15,21.08,0
20200910,1599667200000,20.68,21.0,18.69,18.71,36618,72284236.0,0.0,15,20.48,0
20200911,1599753600000,18.7,19.09,18.36,19.009999999999998,22898,42984424.00000001,0.0,15,18.71,0
20200914,1600012800000,18.86,20.45,18.86,19.919999999999998,30103,59901441.00000001,0.0,15,19.009999999999998,0
20200915,1600099200000,20.2,20.2,19.52,19.75,17705,35030540.0,0.0,15,19.919999999999998,0
20200916,1600185600000,19.79,20.3,19.0,19.4,14371,27900536.000000004,0.0,15,19.75,0
20200917,1600272000000,19.15,19.98,19.11,19.59,17376,34118452.0,0.0,15,19.4,0
20200918,1600358400000,19.71,19.85,19.34,19.82,13263,26010122.0,0.0,15,19.59,0
20200921,1600617600000,19.82,19.880000000000003,19.35,19.42,10954,21411768.0,0.0,15,19.82,0
20200922,1600704000000,19.29,19.48,18.93,19.05,12098,23215164.0,0.0,15,19.419999999999998,0
20200923,1600790400000,19.07,19.31,19.07,19.28,7759,14912391.0,0.0,15,19.05,0
20200924,1600876800000,19.220000000000002,19.220000000000002,18.51,18.610000000000003,13122,24581242.0,0.0,15,19.28,0
20200925,1600963200000,18.62,18.86,18.2,18.25,9021,16612205.000000002,0.0,15,18.61,0
20200928,1601222400000,18.279999999999998,18.4,17.72,17.9,7023,12645179.0,0.0,15,18.25,0
20200929,1601308800000,17.99,18.18,17.77,17.84,5697,10224430.0,0.0,15,17.9,0
20200930,1601395200000,18.14,18.14,17.63,17.779999999999998,5393,9609578.0,0.0,15,17.84,0
20201009,1602172800000,17.98,18.35,17.98,18.21,4979,9062568.0,0.0,15,17.78,0
20201012,1602432000000,18.21,18.64,18.21,18.57,9830,18164486.0,0.0,15,18.21,0
20201013,1602518400000,18.45,18.64,18.36,18.59,9132,16890328.000000004,0.0,15,18.57,0
20201014,1602604800000,18.62,18.680000000000003,18.400000000000002,18.53,8016,14846864.999999998,0.0,15,18.590000000000003,0
20201015,1602691200000,18.52,18.650000000000002,18.44,18.51,4730,8750193.000000002,0.0,15,18.53,0
20201016,1602777600000,18.6,18.66,18.42,18.48,4443,8220917.0,0.0,15,18.51,0
20201019,1603036800000,18.490000000000002,18.610000000000003,18.330000000000002,18.500000000000004,7197,13319500.0,0.0,15,18.48,0
20201020,1603123200000,18.490000000000002,19.150000000000002,18.35,18.87,16491,31052946.0,0.0,15,18.5,0
20201021,1603209600000,18.8,18.91,18.51,18.810000000000002,13898,25986834.0,0.0,15,18.87,0
20201022,1603296000000,18.89,19.8,18.77,19.52,26851,52002648.0,0.0,15,18.81,0
20201023,1603382400000,19.6,19.6,18.93,19.23,17370,33432569.0,0.0,15,19.52,0
20201026,1603641600000,19.18,19.6,19.05,19.28,15101,29189918.999999996,0.0,15,19.23,0
20201027,1603728000000,19.060000000000002,19.25,18.71,18.810000000000002,12912,24446148.0,0.0,15,19.28,0
20201028,1603814400000,18.84,19.37,18.45,19.029999999999998,13329,25140267.0,0.0,15,18.81,0
20201029,1603900800000,18.72,19.52,18.61,19.39,15872,30294228.0,0.0,15,19.03,0
20201030,1603987200000,19.49,19.49,18.0,18.09,16632,31173146.999999996,0.0,15,19.39,0
20201102,1604246400000,18.2,18.89,17.73,18.73,13457,24824985.0,0.0,15,18.09,0
20201103,1604332800000,18.58,19.38,18.5,19.21,15053,28796127.0,0.0,15,18.73,0
20201104,1604419200000,19.369999999999997,19.779999999999998,19.06,19.5,22465,43870195.00000001,0.0,15,19.209999999999997,0
20201105,1604505600000,19.580000000000002,19.77,19.28,19.46,14126,27454720.0,0.0,15,19.5,0
20201106,1604592000000,19.5,19.52,18.82,19.03,12534,23906251.0,0.0,15,19.46,0
20201109,1604851200000,19.06,19.46,18.98,19.46,14623,28203686.0,0.0,15,19.03,0
20201110,1604937600000,19.36,19.48,18.82,18.92,12543,23950873.0,0.0,15,19.46,0
20201111,1605024000000,18.96,19.18,18.71,18.900000000000002,7091,13418456.0,0.0,15,18.92,0
20201112,1605110400000,18.91,19.11,18.55,18.62,8816,16563137.0,0.0,15,18.900000000000002,0
20201113,1605196800000,18.68,18.68,18.16,18.46,6203,11399993.0,0.0,15,18.62,0
20201116,1605456000000,18.490000000000002,18.78,18.19,18.32,9785,17952750.000000004,0.0,15,18.46,0
20201117,1605542400000,18.31,18.56,17.88,18.009999999999998,11066,19938440.0,0.0,15,18.32,0
20201118,1605628800000,17.990000000000002,18.240000000000002,17.900000000000002,18.160000000000004,5909,10709925.0,0.0,15,18.01,0
20201119,1605715200000,18.14,18.400000000000002,18.01,18.28,4760,8676898.0,0.0,15,18.16,0
20201120,1605801600000,18.25,18.29,17.98,18.1,7908,14295625.0,0.0,15,18.28,0
20201123,1606060800000,18.080000000000002,18.12,17.82,18.01,6951,12471591.0,0.0,15,18.1,0
20201124,1606147200000,18.02,18.11,17.93,18.05,5321,9582329.0,0.0,15,18.009999999999998,0
20201125,1606233600000,18.01,18.05,17.740000000000002,17.76,7036,12552017.0,0.0,15,18.05,0
20201126,1606320000000,17.75,17.8,17.52,17.75,5028,8898540.0,0.0,15,17.759999999999998,0
20201127,1606406400000,17.74,17.93,17.63,17.89,3606,6413889.000000001,0.0,15,17.75,0
20201130,1606665600000,17.950000000000003,18.180000000000003,17.76,17.930000000000003,4980,8950727.0,0.0,15,17.89,0
20201201,1606752000000,17.82,18.04,17.82,17.94,3846,6911984.0,0.0,15,17.93,0
20201202,1606838400000,17.950000000000003,18.070000000000004,17.900000000000002,18.020000000000003,3842,6913975.0,0.0,15,17.94,0
20201203,1606924800000,17.93,18.07,17.81,17.88,3854,6885429.0,0.0,15,18.02,0
20201204,1607011200000,17.88,17.9,17.72,17.77,2439,4345015.0,0.0,15,17.88,0
20201207,1607270400000,17.8,17.8,17.580000000000002,17.590000000000003,4676,8242998.0,0.0,15,17.770000000000003,0
20201208,1607356800000,18.11,18.12,17.53,17.55,3693,6537344.0,0.0,15,17.59,0
20201209,1607443200000,17.52,17.63,17.14,17.150000000000002,5499,9544159.0,0.0,15,17.55,0
20201210,1607529600000,17.060000000000002,17.37,17.05,17.17,3440,5916344.0,0.0,15,17.150000000000002,0
20201211,1607616000000,17.06,17.15,16.68,16.759999999999998,7734,12998185.000000002,0.0,15,17.169999999999998,0
20201214,1607875200000,16.66,16.85,16.55,16.7,3350,5585232.0,0.0,15,16.76,0
20201215,1607961600000,16.64,16.83,16.54,16.71,3033,5049250.0,0.0,15,16.7,0
20201216,1608048000000,16.84,16.84,16.15,16.29,5853,9586330.0,0.0,15,16.709999999999997,0
20201217,1608134400000,16.299999999999997,16.639999999999997,16.15,16.599999999999998,5188,8482295.0,0.0,15,16.29,0
20201218,1608220800000,16.43,16.700000000000003,16.35,16.42,3928,6457684.0,0.0,15,16.6,0
20201221,1608480000000,16.46,16.46,16.28,16.32,3133,5127447.000000001,0.0,15,16.42,0
20201222,1608566400000,16.32,16.43,16.15,16.18,3442,5610964.0,0.0,15,16.32,0
20201223,1608652800000,16.23,16.36,16.03,16.16,2995,4855095.999999999,0.0,15,16.18,0
20201224,1608739200000,16.080000000000002,16.1,15.620000000000001,15.64,4845,7686444.0,0.0,15,16.16,0
20201225,1608825600000,15.64,15.92,15.3,15.850000000000001,3526,5556539.0,0.0,15,15.64,0
20201228,1609084800000,15.990000000000002,15.990000000000002,15.530000000000001,15.73,4353,6822354.0,0.0,15,15.850000000000001,0
20201229,1609171200000,15.280000000000001,15.860000000000001,15.280000000000001,15.8,1722,2705820.0,0.0,15,15.73,0
20201230,1609257600000,15.709999999999999,15.879999999999999,15.52,15.549999999999999,2444,3817873.0,0.0,15,15.799999999999999,0
20201231,1609344000000,15.57,15.71,15.450000000000001,15.63,2378,3715729.0,0.0,15,15.55,0
20210104,1609689600000,15.77,15.85,15.58,15.75,3450,5416293.0,0.0,15,15.63,0
20210105,1609776000000,15.75,15.75,15.39,15.46,4451,6880069.999999999,0.0,15,15.75,0
20210106,1609862400000,15.450000000000001,15.450000000000001,15.05,15.23,6423,9763364.0,0.0,15,15.46,0
20210107,1609948800000,15.28,15.28,14.26,14.32,9411,13796980.0,0.0,15,15.23,0
20210108,1610035200000,14.5,14.6,13.77,14.27,5901,8358032.0,0.0,15,14.32,0
20210111,1610294400000,14.020000000000001,14.180000000000001,13.46,13.48,8852,12161713.0,0.0,15,14.270000000000001,0
20210112,1610380800000,13.42,13.94,13.32,13.48,4062,5522924.0,0.0,15,13.48,0
20210113,1610467200000,13.48,13.48,12.780000000000001,12.81,10747,13949959.0,0.0,15,13.48,0
20210114,1610553600000,12.83,13.11,12.5,12.91,7846,10020978.0,0.0,15,12.81,0
20210115,1610640000000,13.049999999999999,13.469999999999999,12.93,13.4,8925,11873934.0,0.0,15,12.91,0
20210118,1610899200000,13.4,13.790000000000001,13.3,13.450000000000001,6451,8743958.000000002,0.0,15,13.4,0
20210119,1610985600000,13.45,13.78,13.42,13.64,6081,8275014.000000001,0.0,15,13.45,0
20210120,1611072000000,13.700000000000001,13.82,13.46,13.58,4011,5447464.0,0.0,15,13.64,0
20210121,1611158400000,13.65,13.8,13.5,13.59,4774,6512247.000000001,0.0,15,13.58,0
20210122,1611244800000,13.620000000000001,13.620000000000001,13.280000000000001,13.280000000000001,3933,5249011.0,0.0,15,13.590000000000002,0
20210125,1611504000000,13.26,13.280000000000001,12.81,12.83,6475,8342942.0,0.0,15,13.280000000000001,0
20210126,1611590400000,12.83,13.05,12.67,12.76,3584,4611175.0,0.0,15,12.83,0
20210127,1611676800000,12.910000000000002,13.080000000000002,12.700000000000001,12.870000000000001,3359,4327697.000000001,0.0,15,12.760000000000002,0
20210128,1611763200000,12.76,13.1,12.76,13.049999999999999,3587,4662411.0,0.0,15,12.87,0
20210129,1611849600000,13.12,13.12,12.6,12.76,3979,5084506.0,0.0,15,13.049999999999999,0
20210201,1612108800000,12.76,13.03,12.6,12.65,3184,4047982.0,0.0,15,12.76,0
20210202,1612195200000,12.610000000000001,12.83,12.55,12.71,2582,3266425.0,0.0,15,12.65,0
20210203,1612281600000,12.700000000000001,12.700000000000001,12.280000000000001,12.350000000000001,5726,7110148.999999999,0.0,15,12.71,0
20210204,1612368000000,12.260000000000002,12.260000000000002,11.72,11.88,4286,5112204.0,0.0,15,12.350000000000001,0
20210205,1612454400000,11.879999999999999,12.139999999999999,11.77,11.77,2700,3217734.0,0.0,15,11.879999999999999,0
20210208,1612713600000,11.79,11.879999999999999,11.53,11.649999999999999,2384,2796251.0,0.0,15,11.77,0
20210209,1612800000000,11.629999999999999,12.53,11.61,12.36,6403,7786929.0,0.0,15,11.649999999999999,0
20210210,1612886400000,12.190000000000001,12.440000000000001,12.120000000000001,12.23,3768,4607392.0,0.0,15,12.360000000000001,0
20210218,1613577600000,12.26,12.969999999999999,12.26,12.69,6183,7818953.0,0.0,15,12.23,0
20210219,1613664000000,12.7,13.08,12.6,13.0,4847,6244297.0,0.0,15,12.69,0
20210222,1613923200000,13.0,13.88,13.0,13.34,11426,15347457.000000002,0.0,15,13.0,0
20210223,1614009600000,13.15,13.680000000000001,13.05,13.25,6699,8935383.0,0.0,15,13.34,0
20210224,1614096000000,13.25,13.58,13.21,13.360000000000001,5348,7157271.000000001,0.0,15,13.25,0
20210225,1614182400000,13.33,13.48,13.13,13.22,3414,4534576.0,0.0,15,13.360000000000001,0
20210226,1614268800000,12.96,13.5,12.96,13.450000000000001,5829,7769706.0,0.0,15,13.22,0
20210301,1614528000000,13.549999999999999,13.99,13.36,13.84,10105,13870002.0,0.0,15,13.45,0
20210302,1614614400000,13.700000000000001,13.98,13.55,13.850000000000001,5363,7364000.000000001,0.0,15,13.84,0
20210303,1614700800000,13.850000000000001,14.07,13.700000000000001,13.830000000000002,5018,6951862.0,0.0,15,13.850000000000001,0
20210304,1614787200000,13.770000000000001,13.910000000000002,13.450000000000001,13.49,4553,6234227.0,0.0,15,13.830000000000002,0
20210305,1614873600000,13.35,13.95,13.35,13.84,5427,7461209.0,0.0,15,13.49,0
20210308,1615132800000,13.96,14.350000000000001,13.700000000000001,13.830000000000002,8455,11896402.0,0.0,15,13.840000000000002,0
20210309,1615219200000,13.770000000000001,14.100000000000001,13.290000000000001,13.72,6913,9519557.999999998,0.0,15,13.830000000000002,0
20210310,1615305600000,13.77,13.88,13.07,13.16,7475,9929001.0,0.0,15,13.72,0
20210311,1615392000000,13.15,13.600000000000001,13.13,13.600000000000001,4492,6000926.000000001,0.0,15,13.16,0
20210312,1615478400000,13.6,14.49,13.23,13.93,12451,17461491.0,0.0,15,13.6,0
20210315,1615737600000,13.73,14.850000000000001,13.73,14.4,22243,32292553.000000004,0.0,15,13.93,0
20210316,1615824000000,14.28,15.57,14.0,15.05,30986,45851919.0,0.0,15,14.4,0
20210317,1615910400000,14.990000000000002,15.090000000000002,14.450000000000001,14.600000000000001,16748,24586944.0,0.0,15,15.05,0
20210318,1615996800000,14.63,14.77,14.17,14.22,12676,18207175.0,0.0,15,14.6,0
20210319,1616083200000,14.15,14.5,14.07,14.33,9116,13058413.0,0.0,15,14.22,0
20210322,1616342400000,13.88,15.5,13.88,15.3,25041,37104163.99999999,0.0,15,14.33,0
20210323,1616428800000,14.969999999999999,17.5,14.52,16.08,48877,77651412.0,0.0,15,15.299999999999999,0
20210324,1616515200000,16.0,17.45,16.0,16.37,46702,78521677.0,0.0,15,16.08,0
20210325,1616601600000,15.55,17.3,14.88,15.98,45844,71960728.0,0.0,15,16.37,0
20210326,1616688000000,15.7,18.18,15.67,17.45,67700,114901200.0,0.0,15,15.98,0
20210329,1616947200000,17.0,17.73,16.61,17.259999999999998,53620,91573341.0,0.0,15,17.45,0
20210330,1617033600000,16.720000000000002,16.900000000000002,15.8,16.2,39988,64636960.0,0.0,15,17.26,0
20210331,1617120000000,15.700000000000001,16.970000000000002,15.610000000000001,16.8,36617,60546986.0,0.0,15,16.200000000000003,0
20210401,1617206400000,16.330000000000002,16.470000000000002,15.71,15.71,29152,46484220.99999999,0.0,15,16.8,0
20210402,1617292800000,15.58,15.8,15.32,15.56,17610,27360063.0,0.0,15,15.71,0
20210406,1617638400000,15.690000000000001,15.950000000000001,15.48,15.56,14008,21914314.0,0.0,15,15.56,0
20210407,1617724800000,15.4,16.0,15.33,15.73,19173,30024106.000000004,0.0,15,15.56,0
20210408,1617811200000,15.510000000000002,15.56,14.55,14.680000000000001,26575,39784331.0,0.0,15,15.73,0
20210409,1617897600000,14.64,14.84,14.39,14.43,10718,15625058.000000002,0.0,15,14.68,0
20210412,1618156800000,14.6,14.6,14.18,14.24,9281,13308941.0,0.0,15,14.43,0
20210413,1618243200000,14.28,14.39,13.92,14.06,11138,15673167.0,0.0,15,14.24,0
20210414,1618329600000,13.969999999999999,14.219999999999999,13.85,14.18,8850,12469728.0,0.0,15,14.06,0
20210415,1618416000000,13.9,14.26,13.9,14.22,6323,8953244.000000002,0.0,15,14.18,0
20210416,1618502400000,14.030000000000001,14.55,14.030000000000001,14.540000000000001,11229,16167441.0,0.0,15,14.22,0
20210419,1618761600000,14.48,14.73,14.39,14.530000000000001,9205,13403178.0,0.0,15,14.540000000000001,0
20210420,1618848000000,14.53,14.75,14.41,14.46,8507,12416177.0,0.0,15,14.53,0
20210421,1618934400000,14.41,14.69,14.36,14.469999999999999,6676,9687877.0,0.0,15,14.459999999999999,0
20210422,1619020800000,14.440000000000001,14.63,14.120000000000001,14.180000000000001,7138,10222873.0,0.0,15,14.47,0
20210423,1619107200000,14.46,14.63,14.15,14.18,7499,10748070.999999998,0.0,15,14.18,0
20210426,1619366400000,14.46,14.46,13.9,13.99,6242,8803210.0,0.0,15,14.18,0
20210427,1619452800000,13.9,14.100000000000001,13.47,13.5,8110,11057824.0,0.0,15,13.99,0
20210428,1619539200000,13.57,13.7,13.41,13.58,5233,7100364.0,0.0,15,13.5,0
20210429,1619625600000,13.41,13.77,13.41,13.7,5412,7379023.000000001,0.0,15,13.58,0
20210430,1619712000000,13.38,13.840000000000002,13.38,13.55,4377,5962652.0,0.0,15,13.700000000000001,0
20210506,1620230400000,13.780000000000001,13.8,13.55,13.680000000000001,3356,4605617.000000001,0.0,15,13.55,0
20210507,1620316800000,13.64,13.66,13.47,13.65,3106,4217549.000000001,0.0,15,13.680000000000001,0
20210510,1620576000000,13.66,13.770000000000001,13.22,13.31,5816,7789839.0,0.0,15,13.65,0
20210511,1620662400000,13.3,13.49,13.3,13.38,2690,3596758.0,0.0,15,13.31,0
20210512,1620748800000,13.38,13.520000000000001,13.280000000000001,13.490000000000002,2710,3645487.0,0.0,15,13.38,0
20210513,1620835200000,13.49,13.75,13.43,13.56,4296,5841900.000000001,0.0,15,13.49,0
20210514,1620921600000,13.6,13.96,13.57,13.88,7155,9889337.999999998,0.0,15,13.56,0
20210517,1621180800000,13.79,13.79,13.52,13.53,5443,7403021.0,0.0,15,13.879999999999999,0
20210518,1621267200000,13.64,13.64,13.34,13.43,3545,4757558.0,0.0,15,13.53,0
20210519,1621353600000,13.39,13.450000000000001,13.15,13.21,7151,9469235.000000002,0.0,15,13.43,0
20210520,1621440000000,13.299999999999999,13.45,13.1,13.34,4169,5545030.0,0.0,15,13.209999999999999,0
20210521,1621526400000,13.3,13.84,13.24,13.63,10315,14051872.000000002,0.0,15,13.34,0
20210524,1621785600000,13.770000000000001,14.590000000000002,13.530000000000001,14.540000000000001,26141,37046737.00000001,0.0,15,13.63,0
20210525,1621872000000,14.5,14.5,14.02,14.27,18559,26305523.0,0.0,15,14.54,0
20210526,1621958400000,14.27,14.45,14.17,14.27,9309,13308405.0,0.0,15,14.27,0
20210527,1622044800000,14.09,14.42,14.05,14.15,9223,13088858.000000002,0.0,15,14.270000000000001,0
20210528,1622131200000,14.08,14.24,13.94,14.03,6250,8796819.0,0.0,15,14.15,0
20210531,1622390400000,13.99,14.55,13.88,14.38,16673,23907883.999999996,0.0,15,14.030000000000001,0
20210601,1622476800000,14.260000000000002,14.370000000000001,14.05,14.270000000000001,10086,14324154.0,0.0,15,14.38,0
20210602,1622563200000,14.26,14.3,14.0,14.11,7673,10823380.0,0.0,15,14.27,0
20210603,1622649600000,14.11,14.26,14.01,14.19,6130,8679618.000000002,0.0,15,14.11,0
20210604,1622736000000,14.209999999999999,14.209999999999999,13.93,14.0,5616,7878520.000000001,0.0,15,14.19,0
20210607,1622995200000,13.96,14.08,13.88,13.9,4192,5849947.0,0.0,15,14.0,0
20210608,1623081600000,13.85,13.95,13.75,13.89,4554,6295474.0,0.0,15,13.82,0
20210609,1623168000000,13.89,14.15,13.81,14.14,6059,8508856.0,0.0,15,13.89,0
20210610,1623254400000,14.049999999999999,14.19,14.01,14.11,4899,6911511.0,0.0,15,14.14,0
20210611,1623340800000,14.65,16.93,14.65,16.93,59011,97912688.0,0.0,15,14.11,0
20210615,1623686400000,18.0,20.32,17.78,20.32,147750,289519666.0,0.0,15,16.93,0
20210616,1623772800000,20.400000000000002,21.87,18.900000000000002,19.1,126578,255925416.0,0.0,15,20.32,0
20210617,1623859200000,18.82,22.48,18.82,20.45,130389,268757697.0,0.0,15,19.1,0
20210618,1623945600000,19.36,21.88,19.36,21.0,124277,256351797.0,0.0,15,20.45,0
20210621,1624204800000,20.42,21.28,19.19,20.990000000000002,112598,227174748.0,0.0,15,21.0,0
20210622,1624291200000,21.400000000000002,21.700000000000003,20.1,21.05,112444,234442762.0,0.0,15,20.990000000000002,0
20210623,1624377600000,20.3,21.79,20.3,20.48,78542,163919993.0,0.0,15,21.05,0
20210624,1624464000000,20.6,21.97,19.82,20.45,94598,198813628.0,0.0,15,20.48,0
20210625,1624550400000,19.66,19.66,16.36,17.9,84790,152635132.0,0.0,15,20.45,0
20210628,1624809600000,17.82,18.09,17.22,17.73,53882,94721045.0,0.0,15,17.9,0
20210629,1624896000000,17.52,19.98,17.46,18.44,77319,143628924.0,0.0,15,17.73,0
20210630,1624982400000,18.96,19.17,17.830000000000002,18.87,59686,110295464.0,0.0,15,18.44,0
20210701,1625068800000,18.5,18.76,17.62,17.7,51268,92782073.00000001,0.0,15,18.87,0
20210702,1625155200000,17.87,18.250000000000004,17.330000000000002,17.520000000000003,36448,64377695.0,0.0,15,17.700000000000003,0
20210705,1625414400000,17.360000000000003,18.1,17.35,17.810000000000002,32167,56933532.00000001,0.0,15,17.520000000000003,0
20210706,1625500800000,17.79,18.71,17.36,18.3,50045,90347826.0,0.0,15,17.81,0
20210707,1625587200000,18.37,18.37,17.51,17.610000000000003,37620,66817088.99999999,0.0,15,18.3,0
20210708,1625673600000,17.790000000000003,18.450000000000003,17.240000000000002,17.250000000000004,49025,87866916.0,0.0,15,17.610000000000003,0
20210709,1625760000000,17.26,19.05,17.25,18.05,75341,137999648.0,0.0,15,17.25,0
20210712,1626019200000,18.39,18.39,17.580000000000002,18.060000000000002,50607,90361815.0,0.0,15,18.05,0
20210713,1626105600000,18.0,21.23,17.68,20.22,104111,200232089.0,0.0,15,18.06,0
20210714,1626192000000,19.84,19.95,18.8,19.02,71830,138556647.0,0.0,15,20.22,0
20210715,1626278400000,18.23,18.82,18.21,18.32,39853,73267003.0,0.0,15,19.02,0
20210716,1626364800000,18.560000000000002,18.750000000000004,17.830000000000002,18.590000000000003,43052,78561293.0,0.0,15,18.32,0
20210719,1626624000000,18.42,19.450000000000003,18.240000000000002,18.740000000000002,38197,72020963.0,0.0,15,18.590000000000003,0
20210720,1626710400000,18.74,18.93,17.79,18.05,34740,62898506.00000001,0.0,15,18.74,0
20210721,1626796800000,17.880000000000003,18.240000000000002,17.53,18.130000000000003,35744,63781848.0,0.0,15,18.05,0
20210722,1626883200000,18.1,18.32,17.8,17.970000000000002,25579,46132428.0,0.0,15,18.13,0
20210723,1626969600000,17.95,17.95,17.05,17.09,35298,61077235.0,0.0,15,17.970000000000002,0
20210726,1627228800000,17.35,17.41,16.62,17.060000000000002,22073,37444273.0,0.0,15,17.09,0
20210727,1627315200000,17.02,17.28,16.11,16.11,21503,35856783.0,0.0,15,17.06,0
20210728,1627401600000,16.200000000000003,16.450000000000003,15.200000000000001,15.49,21248,33129529.000000004,0.0,15,16.11,0
20210729,1627488000000,15.65,16.13,15.6,15.9,17207,27311160.0,0.0,15,15.49,0
20210730,1627574400000,15.58,16.65,15.58,16.36,20475,33405742.0,0.0,15,15.9,0
20210802,1627833600000,16.5,16.66,16.1,16.62,16059,26424429.0,0.0,15,16.360000000000003,0
20210803,1627920000000,16.669999999999998,17.3,16.61,16.759999999999998,20634,34858191.0,0.0,15,16.62,0
20210804,1628006400000,16.610000000000003,16.89,16.6,16.75,14339,23967922.0,0.0,15,16.76,0
20210805,1628092800000,16.540000000000003,16.82,16.1,16.150000000000002,18199,29694490.0,0.0,15,16.75,0
20210806,1628179200000,16.599999999999998,16.599999999999998,16.11,16.349999999999998,15663,25500792.999999996,0.0,15,16.15,0
20210809,1628438400000,16.2,17.22,16.16,17.03,22543,37900805.0,0.0,15,16.35,0
20210810,1628524800000,16.970000000000002,17.35,16.78,17.07,22240,37981490.0,0.0,15,17.03,0
20210811,1628611200000,16.98,17.49,16.79,17.46,31356,53893795.0,0.0,15,17.07,0
20210812,1628697600000,18.02,18.4,16.75,16.82,38430,66369882.0,0.0,15,17.46,0
20210813,1628784000000,16.5,16.77,16.23,16.27,24704,40638609.0,0.0,15,16.82,0
20210816,1629043200000,16.19,16.49,16.16,16.31,13431,21925490.0,0.0,15,16.27,0
20210817,1629129600000,16.32,16.470000000000002,15.8,15.860000000000001,14910,24022357.999999996,0.0,15,16.310000000000002,0
20210818,1629216000000,16.02,16.990000000000002,15.860000000000001,16.5,24218,40002438.0,0.0,15,15.860000000000001,0
20210819,1629302400000,16.37,16.42,15.950000000000001,16.080000000000002,16083,25890191.0,0.0,15,16.5,0
20210820,1629388800000,16.07,16.07,15.6,15.68,12659,19916059.0,0.0,15,16.08,0
20210823,1629648000000,15.66,16.11,15.66,16.05,10657,17040152.000000004,0.0,15,15.68,0
20210824,1629734400000,16.16,16.220000000000002,15.88,16.09,10136,16263867.0,0.0,15,16.05,0
20210825,1629820800000,16.060000000000002,16.130000000000003,15.860000000000001,15.910000000000002,12766,20383172.0,0.0,15,16.09,0
20210826,1629907200000,15.91,16.31,15.76,16.02,13763,22071879.0,0.0,15,15.91,0
20210827,1629993600000,16.0,16.39,15.77,16.22,17801,28612722.999999996,0.0,15,16.02,0
20210830,1630252800000,16.22,16.22,15.85,15.95,12631,20240081.0,0.0,15,16.22,0
20210831,1630339200000,15.94,16.69,15.9,16.330000000000002,16805,27428405.0,0.0,15,15.950000000000001,0
20210901,1630425600000,16.07,17.23,16.02,17.23,42040,70572898.0,0.0,15,16.33,0
20210902,1630512000000,17.990000000000002,19.500000000000004,17.400000000000002,17.430000000000003,68829,126084430.99999999,0.0,15,17.23,0
20210903,1630598400000,16.69,17.37,16.69,16.830000000000002,43901,74040091.0,0.0,15,17.43,0
20210906,1630857600000,16.86,16.95,16.2,16.63,29495,48665092.0,0.0,15,16.83,0
20210907,1630944000000,16.48,16.779999999999998,16.38,16.72,18076,30019807.999999996,0.0,15,16.63,0
20210908,1631030400000,16.53,16.75,16.5,16.66,16006,26575434.0,0.0,15,16.72,0
20210909,1631116800000,16.68,17.06,16.54,17.06,21647,36309965.0,0.0,15,16.66,0
20210910,1631203200000,17.4,17.98,16.86,16.86,32426,56296359.0,0.0,15,17.06,0
20210913,1631462400000,16.84,17.229999999999997,16.4,17.04,21721,36721856.0,0.0,15,16.86,0
20210914,1631548800000,17.05,17.1,16.5,16.53,20171,33704538.0,0.0,15,17.04,0
20210915,1631635200000,16.53,16.82,16.34,16.81,13460,22393839.0,0.0,15,16.53,0
20210916,1631721600000,16.89,17.17,16.51,16.520000000000003,16705,28128556.000000004,0.0,15,16.810000000000002,0
20210917,1631808000000,16.650000000000002,16.7,16.05,16.09,18095,29361495.0,0.0,15,16.52,0
20210922,1632240000000,15.82,16.04,15.58,15.9,9704,15384817.0,0.0,15,16.09,0
20210923,1632326400000,15.8,16.35,15.8,16.27,11640,18777039.0,0.0,15,15.9,0
20210924,1632412800000,16.02,16.25,15.700000000000001,15.73,12611,20058740.0,0.0,15,16.27,0
20210927,1632672000000,15.67,15.799999999999999,15.02,15.1,11719,17962976.0,0.0,15,15.73,0
20210928,1632758400000,15.13,15.290000000000001,15.030000000000001,15.21,5782,8785702.0,0.0,15,15.100000000000001,0
20210929,1632844800000,15.0,15.370000000000001,14.88,15.180000000000001,6524,9920569.0,0.0,15,15.21,0
20210930,1632931200000,15.4,16.28,15.21,15.770000000000001,11310,17758538.0,0.0,15,15.180000000000001,0
20211008,1633622400000,15.770000000000001,16.150000000000002,15.71,15.920000000000002,6964,11082056.0,0.0,15,15.770000000000001,0
20211011,1633881600000,15.93,16.05,15.6,15.66,5480,8622321.000000002,0.0,15,15.92,0
20211012,1633968000000,15.64,15.76,15.32,15.67,7084,11040124.0,0.0,15,15.66,0
20211013,1634054400000,15.67,16.060000000000002,15.63,16.060000000000002,8473,13489676.0,0.0,15,15.67,0
20211014,1634140800000,15.99,16.21,15.83,16.02,6490,10427174.0,0.0,15,16.06,0
20211015,1634227200000,15.85,16.09,15.68,15.79,5943,9395354.0,0.0,15,16.02,0
20211018,1634486400000,15.61,15.95,15.5,15.78,3531,5573233.000000001,0.0,15,15.79,0
20211019,1634572800000,15.78,15.92,15.59,15.68,3908,6160853.0,0.0,15,15.78,0
20211020,1634659200000,15.68,15.68,15.35,15.4,6089,9400215.0,0.0,15,15.68,0
20211021,1634745600000,15.4,15.5,15.25,15.28,3912,5988040.999999999,0.0,15,15.4,0
20211022,1634832000000,15.280000000000001,15.510000000000002,15.280000000000001,15.32,3240,4985509.0,0.0,15,15.280000000000001,0
20211025,1635091200000,15.51,15.51,15.1,15.219999999999999,4568,6957551.999999999,0.0,15,15.32,0
20211026,1635177600000,15.15,15.32,14.9,15.02,8134,12237975.000000002,0.0,15,15.22,0
20211027,1635264000000,15.03,15.13,14.5,14.53,6638,9774659.999999998,0.0,15,15.02,0
20211028,1635350400000,14.299999999999999,14.79,14.27,14.68,3644,5303772.0,0.0,15,14.53,0
20211029,1635436800000,14.75,14.98,14.57,14.950000000000001,3992,5904968.0,0.0,15,14.68,0
20211101,1635696000000,15.160000000000002,15.160000000000002,14.780000000000001,14.89,3527,5259148.000000001,0.0,15,14.950000000000001,0
20211102,1635782400000,15.03,15.1,14.5,14.82,5419,8010622.0,0.0,15,14.89,0
20211103,1635868800000,14.84,14.98,14.68,14.95,3627,5384973.000000001,0.0,15,14.82,0
20211104,1635955200000,14.940000000000001,15.030000000000001,14.780000000000001,14.96,3660,5459381.0,0.0,15,14.950000000000001,0
20211105,1636041600000,14.959999999999999,15.28,14.76,15.08,6980,10526761.0,0.0,15,14.959999999999999,0
20211108,1636300800000,15.389999999999999,15.389999999999999,15.02,15.18,5019,7603470.999999999,0.0,15,15.08,0
20211109,1636387200000,15.15,15.22,15.01,15.07,3933,5929184.999999999,0.0,15,15.18,0
20211110,1636473600000,15.07,15.07,14.67,14.91,6118,9101612.0,0.0,15,15.07,0
20211111,1636560000000,15.06,15.43,15.0,15.36,12646,19315966.000000004,0.0,15,14.91,0
20211112,1636646400000,15.15,16.0,15.15,16.0,17641,27495411.999999996,0.0,15,15.360000000000001,0
20211115,1636905600000,16.3,16.3,15.63,15.860000000000001,21913,34797276.0,0.0,15,16.0,0
20211116,1636992000000,15.97,16.1,15.57,15.65,12486,19749508.0,0.0,15,15.86,0
20211117,1637078400000,15.770000000000001,16.05,15.620000000000001,15.830000000000002,12497,19791485.0,0.0,15,15.65,0
20211118,1637164800000,15.9,15.92,15.4,15.42,9243,14412948.000000002,0.0,15,15.83,0
20211119,1637251200000,15.4,15.72,15.370000000000001,15.63,9886,15430424.0,0.0,15,15.420000000000002,0
20211122,1637510400000,15.41,15.59,15.36,15.459999999999999,9318,14388625.0,0.0,15,15.629999999999999,0
20211123,1637596800000,15.5,15.790000000000001,15.41,15.69,8086,12620966.0,0.0,15,15.46,0
20211124,1637683200000,15.680000000000001,15.71,15.450000000000001,15.580000000000002,6101,9493303.0,0.0,15,15.690000000000001,0
20211125,1637769600000,15.57,15.8,15.450000000000001,15.690000000000001,8265,12929320.0,0.0,15,15.580000000000002,0
20211126,1637856000000,15.7,15.7,15.41,15.45,7489,11592265.0,0.0,15,15.69,0
20211129,1638115200000,15.16,15.4,15.06,15.13,7134,10848535.000000002,0.0,15,15.450000000000001,0
20211130,1638201600000,15.15,15.63,15.14,15.42,10582,16318568.000000002,0.0,15,15.13,0
20211201,1638288000000,15.950000000000001,16.96,15.9,16.23,35092,57281449.00000001,0.0,15,15.42,0
20211202,1638374400000,16.240000000000002,16.43,15.82,15.85,25006,40258687.0,0.0,15,16.23,0
20211203,1638460800000,15.88,16.1,15.72,15.81,12605,20014821.0,0.0,15,15.850000000000001,0
20211206,1638720000000,15.84,16.009999999999998,15.26,15.27,13335,20687195.0,0.0,15,15.81,0
20211207,1638806400000,15.25,15.530000000000001,15.13,15.39,8973,13725247.0,0.0,15,15.270000000000001,0
20211208,1638892800000,15.420000000000002,15.49,15.21,15.4,5780,8889939.0,0.0,15,15.39,0
20211209,1638979200000,15.43,15.68,15.35,15.44,7977,12359421.0,0.0,15,15.4,0
20211210,1639065600000,15.46,16.27,15.3,15.88,18646,29589143.0,0.0,15,15.440000000000001,0
20211213,1639324800000,15.76,15.870000000000001,15.56,15.8,13767,21648335.000000004,0.0,15,15.88,0
20211214,1639411200000,15.66,16.1,15.66,15.86,8915,14144920.000000002,0.0,15,15.8,0
20211215,1639497600000,15.870000000000001,16.19,15.81,15.99,15411,24663299.000000004,0.0,15,15.860000000000001,0
20211216,1639584000000,15.950000000000001,16.150000000000002,15.89,16.060000000000002,9768,15681787.0,0.0,15,15.99,0
20211217,1639670400000,15.98,16.12,15.72,15.9,10217,16265095.0,0.0,15,16.060000000000002,0
20211220,1639929600000,15.81,16.25,15.81,16.240000000000002,19652,31633659.000000004,0.0,15,15.9,0
20211221,1640016000000,16.26,16.69,16.12,16.42,22285,36502718.0,0.0,15,16.240000000000002,0
20211222,1640102400000,16.400000000000002,16.88,16.23,16.37,19972,32879278.0,0.0,15,16.42,0
20211223,1640188800000,16.35,16.6,16.0,16.0,14653,23697141.0,0.0,15,16.37,0
20211224,1640275200000,15.920000000000002,16.09,15.700000000000001,15.760000000000002,9892,15650949.0,0.0,15,16.0,0
20211227,1640534400000,15.9,15.99,15.46,15.75,8294,13075464.0,0.0,15,15.760000000000002,0
20211228,1640620800000,15.75,16.1,15.75,15.97,7807,12454099.000000002,0.0,15,15.75,0
20211229,1640707200000,15.97,16.03,15.75,15.77,5834,9253904.0,0.0,15,15.97,0
20211230,1640793600000,15.75,16.27,15.75,16.16,12495,20127187.000000004,0.0,15,15.77,0
20211231,1640880000000,16.1,16.43,16.05,16.26,11656,18922452.0,0.0,15,16.16,0
20220104,1641225600000,16.240000000000002,16.51,16.05,16.490000000000002,15704,25727208.0,0.0,15,16.26,0
20220105,1641312000000,16.48,16.65,16.13,16.31,11612,18933407.0,0.0,15,16.49,0
20220106,1641398400000,16.22,16.56,16.16,16.46,11472,18830529.0,0.0,15,16.31,0
20220107,1641484800000,16.7,16.87,16.09,16.169999999999998,18591,30496959.0,0.0,15,16.46,0
20220110,1641744000000,15.93,16.65,15.82,16.44,18620,30569253.000000004,0.0,15,16.17,0
20220111,1641830400000,16.5,16.810000000000002,16.21,16.3,15774,25991949.0,0.0,15,16.44,0
20220112,1641916800000,16.39,16.64,16.16,16.580000000000002,13842,22838187.000000004,0.0,15,16.3,0
20220113,1642003200000,16.58,16.75,16.4,16.52,16535,27459252.0,0.0,15,16.58,0
20220114,1642089600000,16.41,16.57,16.01,16.09,13952,22660833.000000004,0.0,15,16.520000000000003,0
20220117,1642348800000,16.11,16.490000000000002,16.05,16.41,11643,19049244.0,0.0,15,16.09,0
20220118,1642435200000,16.56,16.56,15.98,16.01,13579,21908718.0,0.0,15,16.41,0
20220119,1642521600000,16.15,16.99,16.04,16.7,31239,51799202.99999999,0.0,15,16.009999999999998,0
20220120,1642608000000,16.7,16.8,15.88,15.9,24354,39466087.0,0.0,15,16.7,0
20220121,1642694400000,15.920000000000002,16.18,15.620000000000001,15.97,11358,18011559.0,0.0,15,15.9,0
20220124,1642953600000,15.879999999999999,16.07,15.43,15.45,12130,19044424.0,0.0,15,15.969999999999999,0
20220125,1643040000000,15.45,15.47,14.83,14.83,14415,21718853.0,0.0,15,15.45,0
20220126,1643126400000,14.83,15.15,14.71,15.14,9454,14143417.0,0.0,15,14.83,0
20220127,1643212800000,15.13,15.13,14.4,14.41,10757,15752747.000000002,0.0,15,15.14,0
20220128,1643299200000,14.590000000000002,14.82,14.450000000000001,14.73,5856,8593754.0,0.0,15,14.410000000000002,0
20220207,1644163200000,14.950000000000001,15.38,14.63,15.290000000000001,10597,15982344.0,0.0,15,14.73,0
20220208,1644249600000,15.21,16.77,15.08,16.6,48877,79392446.0,0.0,15,15.290000000000001,0
20220209,1644336000000,19.0,19.0,16.77,16.81,79412,138286701.0,0.0,15,16.599999999999998,0
20220210,1644422400000,16.919999999999998,18.68,16.7,17.75,83960,148163726.0,0.0,15,16.81,0
20220211,1644508800000,17.2,17.549999999999997,16.9,17.0,52587,90132919.0,0.0,15,17.75,0
20220214,1644768000000,16.97,17.7,16.72,17.36,49902,86150255.0,0.0,15,17.0,0
20220215,1644854400000,17.63,20.83,17.36,20.83,105947,205474460.0,0.0,15,17.36,0
20220216,1644940800000,22.400000000000002,25.000000000000004,21.900000000000002,25.000000000000004,178586,427840376.0,0.0,15,20.830000000000002,0
20220217,1645027200000,28.0,30.0,27.61,28.72,261221,762191953.0,0.0,15,25.0,0
20220218,1645113600000,26.880000000000003,34.260000000000005,26.6,32.69,282117,827465739.0,0.0,15,28.720000000000002,0
20220221,1645372800000,30.39,31.98,29.29,31.18,222324,680157816.0,0.0,15,32.69,0
20220222,1645459200000,29.77,36.4,29.69,32.08,245260,802360482.9999999,0.0,15,31.18,0
20220223,1645545600000,30.1,33.75,29.19,32.33,191562,597379244.0,0.0,15,32.08,0
20220224,1645632000000,31.430000000000003,32.99,28.400000000000002,29.17,180530,554807180.0,0.0,15,32.330000000000005,0
20220225,1645718400000,29.6,30.900000000000002,28.3,28.900000000000002,138645,408365904.0,0.0,15,29.17,0
20220228,1645977600000,26.740000000000002,28.180000000000003,26.400000000000002,28.160000000000004,112349,308797662.0,0.0,15,28.900000000000002,0
20220301,1646064000000,27.900000000000002,30.3,27.1,29.8,160944,466640872.0,0.0,15,28.16,0
20220302,1646150400000,29.01,32.96,28.98,30.68,213037,658794831.0,0.0,15,29.8,0
20220303,1646236800000,30.299999999999997,31.88,28.88,30.64,176088,529015657.00000006,0.0,15,30.68,0
20220304,1646323200000,29.290000000000003,29.3,25.580000000000002,26.44,157783,434417468.0,0.0,15,30.64,0
20220307,1646582400000,26.3,27.2,25.68,26.79,95628,253705186.0,0.0,15,26.44,0
20220308,1646668800000,26.6,27.98,25.6,27.1,124244,335569574.0,0.0,15,26.790000000000003,0
20220309,1646755200000,25.55,29.0,25.1,28.03,159635,438583076.0,0.0,15,27.1,0
20220310,1646841600000,27.59,30.76,27.55,28.7,160977,465938450.0,0.0,15,28.03,0
20220311,1646928000000,27.07,28.5,26.28,27.6,124204,341147088.0,0.0,15,28.700000000000003,0
20220314,1647187200000,26.75,29.5,25.72,28.43,145092,406476210.0,0.0,15,27.599999999999998,0
20220315,1647273600000,28.19,34.12,28.0,34.12,263329,848949430.0,0.0,15,28.43,0
20220316,1647360000000,32.2,39.56,32.2,37.300000000000004,290773,1048023551.0,0.0,15,34.120000000000005,0
20220317,1647446400000,37.470000000000006,42.00000000000001,35.730000000000004,37.870000000000005,260502,988727484.9999999,0.0,15,37.300000000000004,0
20220318,1647532800000,35.78,38.22,35.08,35.519999999999996,188811,686030419.0,0.0,15,37.87,0
20220321,1647792000000,35.65,37.25,35.15,36.26,166215,600092079.0,0.0,15,35.519999999999996,0
20220322,1647878400000,35.0,35.89,33.53,34.15,132297,454722168.0,0.0,15,36.26,0
20220323,1647964800000,33.9,37.0,33.9,35.05,153601,545836948.0,0.0,15,34.15,0
20220324,1648051200000,33.5,34.95,32.7,33.45,114073,384524943.0,0.0,15,35.050000000000004,0
20220325,1648137600000,33.53,34.36000000000001,33.160000000000004,34.050000000000004,76818,259460120.0,0.0,15,33.45,0
20220328,1648396800000,33.0,33.98,31.7,33.7,73599,243184797.0,0.0,15,34.05,0
20220329,1648483200000,33.79,35.72,33.22,33.699999999999996,98810,341635489.0,0.0,15,33.699999999999996,0
20220330,1648569600000,33.68,36.66,33.36,35.0,118179,416139423.99999994,0.0,15,33.7,0
20220331,1648656000000,34.1,36.7,34.02,34.2,124800,438800681.0,0.0,15,35.0,0
20220401,1648742400000,32.36,32.370000000000005,28.3,29.61,141314,426518368.0,0.0,15,34.2,0
20220406,1649174400000,29.62,30.25,28.080000000000002,29.8,82996,241571516.0,0.0,15,29.610000000000003,0
20220407,1649260800000,29.49,30.4,28.68,28.87,58245,170892065.0,0.0,15,29.8,0
20220408,1649347200000,28.5,33.58,28.5,31.62,150226,473110409.0,0.0,15,28.87,0
20220411,1649606400000,31.009999999999998,32.769999999999996,29.63,30.189999999999998,103348,320294300.0,0.0,15,31.619999999999997,0
20220412,1649692800000,28.91,31.25,28.3,30.75,92949,277303961.0,0.0,15,30.19,0
20220413,1649779200000,30.05,30.19,27.400000000000002,27.410000000000004,96058,272871777.0,0.0,15,30.750000000000004,0
20220414,1649865600000,27.52,28.59,27.46,27.95,65912,185159949.0,0.0,15,27.41,0
20220415,1649952000000,28.009999999999998,28.35,27.27,28.009999999999998,54422,151068849.0,0.0,15,27.95,0
20220418,1650211200000,28.04,28.29,26.8,27.0,52932,145690073.0,0.0,15,28.01,0
20220419,1650297600000,27.150000000000002,27.380000000000003,26.240000000000002,26.73,49563,132617525.0,0.0,15,27.000000000000004,0
20220420,1650384000000,27.040000000000003,27.1,25.01,25.35,55101,141399262.0,0.0,15,26.73,0
20220421,1650470400000,25.25,25.49,23.77,24.099999999999998,57585,141080293.0,0.0,15,25.35,0
20220422,1650556800000,24.11,24.43,23.0,23.19,49769,117227466.0,0.0,15,24.1,0
20220425,1650816000000,22.43,25.5,22.43,23.87,102328,248602521.0,0.0,15,23.19,0
20220426,1650902400000,24.01,25.57,23.330000000000002,25.0,114403,283661067.99999994,0.0,15,23.87,0
20220427,1650988800000,25.75,29.05,25.1,28.840000000000003,182584,500148361.00000006,0.0,15,25.0,0
20220428,1651075200000,26.65,28.58,26.2,27.57,138841,378771504.0,0.0,15,28.84,0
20220429,1651161600000,27.2,28.99,26.7,27.849999999999998,127300,357274263.0,0.0,15,27.57,0
20220505,1651680000000,27.560000000000002,28.880000000000003,27.35,28.150000000000002,110469,311887341.0,0.0,15,27.85,0
20220506,1651766400000,26.01,28.3,25.94,27.0,105061,286179363.00000006,0.0,15,28.150000000000002,0
20220509,1652025600000,27.87,29.28,27.87,28.290000000000003,122098,348023713.00000006,0.0,15,27.0,0
20220510,1652112000000,27.74,33.95,27.7,33.95,170945,527687885.0,0.0,15,28.29,0
20220511,1652198400000,36.5,36.95,31.2,31.79,228764,785965644.9999999,0.0,15,33.95,0
20220512,1652284800000,31.11,33.36,30.45,30.84,159797,505687425.0,0.0,15,31.79,0
20220513,1652371200000,30.849999999999998,31.28,29.7,30.279999999999998,106720,321635239.00000006,0.0,15,30.84,0
20220516,1652630400000,30.8,30.88,29.0,29.61,91810,273614560.0,0.0,15,30.28,0
20220517,1652716800000,29.05,29.439999999999998,27.02,28.07,106403,296408299.0,0.0,15,29.61,0
20220518,1652803200000,27.740000000000002,28.92,27.580000000000002,28.180000000000003,74189,211083160.0,0.0,15,28.07,0
20220519,1652889600000,27.849999999999998,29.2,27.2,28.78,93653,268485409.0,0.0,15,28.18,0
20220520,1652976000000,28.8,29.1,27.51,27.78,87992,247564651.0,0.0,15,28.78,0
20220523,1653235200000,27.81,28.4,27.29,27.8,57162,158688346.0,0.0,15,27.779999999999998,0
20220524,1653321600000,27.79,27.83,24.86,24.91,94949,245556781.0,0.0,15,27.8,0
20220525,1653408000000,24.92,25.57,24.71,25.54,55749,140909485.0,0.0,15,24.91,0
20220526,1653494400000,25.71,28.0,25.5,27.08,107893,292454251.0,0.0,15,25.54,0
20220527,1653580800000,26.79,27.86,26.2,27.07,103971,281916774.0,0.0,15,27.08,0
20220530,1653840000000,26.5,27.48,26.16,26.3,69188,184053089.0,0.0,15,27.07,0
20220531,1653926400000,26.3,26.3,24.91,25.52,67601,171967985.0,0.0,15,26.3,0
20220601,1654012800000,25.53,25.69,24.93,25.13,39922,100982970.00000001,0.0,15,25.52,0
20220602,1654099200000,25.19,25.3,24.35,24.790000000000003,50796,125886478.00000001,0.0,15,25.07,0
20220606,1654444800000,24.88,25.25,24.39,25.12,44229,110088410.0,0.0,15,24.79,0
20220607,1654531200000,25.0,25.5,23.8,25.43,66315,163008618.0,0.0,15,25.12,0
20220608,1654617600000,25.34,26.49,24.77,25.83,96331,248632612.0,0.0,15,25.43,0
20220609,1654704000000,25.2,26.5,24.8,25.94,79404,202863897.0,0.0,15,25.830000000000002,0
20220610,1654790400000,25.509999999999998,25.78,25.27,25.32,44682,113728219.0,0.0,15,25.94,0
20220613,1655049600000,25.0,25.200000000000003,23.85,24.290000000000003,57389,140438005.0,0.0,15,25.32,0
20220614,1655136000000,23.9,24.46,23.0,23.75,48327,113953139.0,0.0,15,24.29,0
20220615,1655222400000,23.599999999999998,24.46,23.45,23.91,49471,119116390.00000001,0.0,15,23.75,0
20220616,1655308800000,23.8,24.17,23.580000000000002,24.040000000000003,35042,83803361.0,0.0,15,23.91,0
20220617,1655395200000,24.02,24.02,23.21,23.580000000000002,36324,85411789.0,0.0,15,24.04,0
20220620,1655654400000,23.990000000000002,24.3,23.67,23.880000000000003,35414,85033247.99999999,0.0,15,23.580000000000002,0
20220621,1655740800000,23.9,24.779999999999998,23.38,24.02,59950,145058508.0,0.0,15,23.88,0
20220622,1655827200000,23.8,23.9,23.0,23.06,44769,104311983.0,0.0,15,24.02,0
20220623,1655913600000,23.0,23.85,22.66,23.66,41164,96022984.0,0.0,15,23.06,0
20220624,1656000000000,23.84,24.1,23.46,23.8,36417,86532079.0,0.0,15,23.66,0
20220627,1656259200000,23.919999999999998,24.259999999999998,23.7,24.009999999999998,29541,70691025.0,0.0,15,23.8,0
20220628,1656345600000,24.0,24.0,23.6,23.71,27382,64981781.0,0.0,15,24.01,0
20220629,1656432000000,23.77,27.349999999999998,23.72,26.47,139116,352115525.0,0.0,15,23.709999999999997,0
20220630,1656518400000,26.3,26.3,25.0,25.34,90878,231033748.0,0.0,15,26.47,0
20220701,1656604800000,25.41,26.0,24.61,24.64,59792,150576025.99999997,0.0,15,25.34,0
20220704,1656864000000,24.62,25.0,23.77,24.919999999999998,46332,112925559.0,0.0,15,24.64,0
20220705,1656950400000,24.89,24.92,23.830000000000002,24.200000000000003,39350,95578878.0,0.0,15,24.92,0
20220706,1657036800000,24.05,24.05,23.09,23.36,39921,93979140.0,0.0,15,24.2,0
20220707,1657123200000,23.16,23.61,23.12,23.19,27254,63554915.00000001,0.0,15,23.36,0
20220708,1657209600000,23.39,24.09,23.2,23.5,36346,86111355.0,0.0,15,23.189999999999998,0
20220711,1657468800000,23.31,24.33,22.97,23.82,39736,94471275.0,0.0,15,23.5,0
20220712,1657555200000,23.770000000000003,25.410000000000004,23.400000000000002,24.880000000000003,91683,228300947.00000003,0.0,15,23.820000000000004,0
20220713,1657641600000,24.950000000000003,26.0,24.580000000000002,24.71,94625,239478600.0,0.0,15,24.880000000000003,0
20220714,1657728000000,24.009999999999998,24.5,23.63,24.0,69980,167778461.00000003,0.0,15,24.71,0
20220715,1657814400000,23.830000000000002,23.96,22.96,23.12,55506,128966651.00000001,0.0,15,24.0,0
20220718,1658073600000,23.139999999999997,23.99,23.06,23.599999999999998,38213,90385916.0,0.0,15,23.119999999999997,0
20220719,1658160000000,23.54,23.779999999999998,23.13,23.41,36577,85567933.0,0.0,15,23.599999999999998,0
20220720,1658246400000,24.48,24.94,23.43,23.5,53665,128744533.0,0.0,15,23.41,0
20220721,1658332800000,23.21,23.7,23.11,23.2,38721,90138042.00000001,0.0,15,23.5,0
20220722,1658419200000,23.0,23.39,22.8,22.92,28264,65154981.0,0.0,15,23.2,0
20220725,1658678400000,22.820000000000004,23.240000000000002,22.400000000000002,22.430000000000003,22828,51705641.0,0.0,15,22.92,0
20220726,1658764800000,22.599999999999998,22.97,21.79,22.95,32858,73686436.0,0.0,15,22.43,0
20220727,1658851200000,22.7,22.89,22.45,22.5,19725,44578885.0,0.0,15,22.95,0
20220728,1658937600000,22.47,22.889999999999997,22.31,22.369999999999997,22394,50343924.0,0.0,15,22.5,0
20220729,1659024000000,22.58,22.61,21.47,21.48,29952,65611635.0,0.0,15,22.369999999999997,0
20220801,1659283200000,21.48,21.75,21.25,21.7,20158,43279392.00000001,0.0,15,21.48,0
20220802,1659369600000,21.02,21.62,19.62,19.78,37070,75099900.0,0.0,15,21.700000000000003,0
20220803,1659456000000,19.6,20.46,19.59,19.7,27716,55697621.00000001,0.0,15,19.78,0
20220804,1659542400000,19.76,20.360000000000003,19.740000000000002,20.360000000000003,27925,56024320.0,0.0,15,19.700000000000003,0
20220805,1659628800000,20.4,20.5,20.09,20.5,19863,40359682.99999999,0.0,15,20.36,0
20220808,1659888000000,20.5,20.75,20.32,20.57,16312,33569403.0,0.0,15,20.5,0
20220809,1659974400000,20.57,20.62,20.23,20.47,13483,27527082.000000004,0.0,15,20.57,0
20220810,1660060800000,20.500000000000004,20.500000000000004,20.080000000000002,20.290000000000003,16696,33763277.0,0.0,15,20.470000000000002,0
20220811,1660147200000,20.310000000000002,21.5,20.3,20.85,45378,95710662.00000001,0.0,15,20.29,0
20220812,1660233600000,20.560000000000002,21.240000000000002,20.37,21.080000000000002,32983,68577747.0,0.0,15,20.85,0
20220815,1660492800000,21.04,21.04,20.45,20.68,22341,46104377.0,0.0,15,21.08,0
20220816,1660579200000,20.68,21.19,20.55,20.900000000000002,22163,46448627.0,0.0,15,20.68,0
20220817,1660665600000,20.9,21.08,20.72,20.75,15073,31373038.0,0.0,15,20.9,0
20220818,1660752000000,20.75,20.75,20.27,20.419999999999998,18479,37691827.99999999,0.0,15,20.75,0
20220819,1660838400000,20.49,20.79,20.25,20.25,15838,32417668.0,0.0,15,20.42,0
20220822,1661097600000,20.09,20.52,19.96,20.45,12118,24639326.000000004,0.0,15,20.25,0
20220823,1661184000000,20.45,20.45,19.93,20.27,15826,31765469.999999996,0.0,15,20.45,0
20220824,1661270400000,20.12,20.240000000000002,19.32,19.51,16269,32116831.0,0.0,15,20.27,0
20220825,1661356800000,19.54,20.5,19.52,20.2,30157,60546293.0,0.0,15,19.509999999999998,0
20220826,1661443200000,20.05,20.18,19.68,19.7,19005,37750436.0,0.0,15,20.2,0
20220829,1661702400000,19.5,20.33,19.45,20.24,25659,51327773.00000001,0.0,15,19.7,0
20220830,1661788800000,20.59,20.700000000000003,20.01,20.19,18966,38353015.0,0.0,15,20.240000000000002,0
20220831,1661875200000,20.39,20.39,19.78,19.94,17489,35024376.0,0.0,15,20.19,0
20220901,1661961600000,19.94,20.68,19.66,20.2,26969,55036195.0,0.0,15,19.94,0
20220902,1662048000000,20.15,20.48,19.79,19.98,16939,33871428.00000001,0.0,15,20.2,0
20220905,1662307200000,19.86,20.5,19.78,20.3,17176,34697541.0,0.0,15,19.98,0
20220906,1662393600000,20.44,20.55,20.05,20.240000000000002,20356,41225930.0,0.0,15,20.3,0
20220907,1662480000000,20.070000000000004,20.85,19.900000000000002,20.660000000000004,38387,78686793.00000001,0.0,15,20.240000000000002,0
20220908,1662566400000,20.58,20.83,20.2,20.27,19444,39618965.0,0.0,15,20.66,0
20220909,1662652800000,20.25,21.0,20.2,20.66,42306,87692351.0,0.0,15,20.27,0
20220913,1662998400000,20.65,20.93,20.38,20.55,27193,56106352.0,0.0,15,20.66,0
20220914,1663084800000,20.2,20.36,19.96,20.080000000000002,23732,47733956.0,0.0,15,20.55,0
20220915,1663171200000,20.23,20.3,19.28,19.75,23441,46184610.0,0.0,15,20.080000000000002,0
20220916,1663257600000,19.799999999999997,19.83,18.56,18.639999999999997,22525,42896931.0,0.0,15,19.75,0
20220919,1663516800000,18.63,18.68,18.0,18.45,10735,19736878.0,0.0,15,18.64,0
20220920,1663603200000,18.6,19.19,18.490000000000002,19.080000000000002,16824,31849828.000000004,0.0,15,18.450000000000003,0
20220921,1663689600000,19.1,19.3,18.66,19.17,12899,24531202.0,0.0,15,19.080000000000002,0
20220922,1663776000000,19.1,19.28,18.62,18.650000000000002,13240,25013946.0,0.0,15,19.17,0
20220923,1663862400000,18.69,21.18,18.6,20.380000000000003,89106,182076269.0,0.0,15,18.650000000000002,0
20220926,1664121600000,19.84,20.099999999999998,18.88,19.0,58496,113468736.0,0.0,15,20.38,0
20220927,1664208000000,19.15,19.5,18.56,19.39,38605,73644788.0,0.0,15,19.0,0
20220928,1664294400000,19.5,19.5,18.7,18.72,27699,52752682.0,0.0,15,19.39,0
20220929,1664380800000,18.61,19.7,18.16,18.46,46330,87341270.0,0.0,15,18.72,0
20220930,1664467200000,18.080000000000002,18.26,17.19,17.25,35542,62848037.00000001,0.0,15,18.46,0
20221010,1665331200000,17.26,17.6,17.01,17.1,16105,27762677.000000004,0.0,15,17.25,0
20221011,1665417600000,17.05,17.38,16.52,16.97,14673,24634846.999999996,0.0,15,17.099999999999998,0
20221012,1665504000000,17.09,17.39,16.46,17.35,18026,30459782.0,0.0,15,16.970000000000002,0
20221013,1665590400000,17.34,18.4,17.06,17.81,28335,50449018.00000001,0.0,15,17.349999999999998,0
20221014,1665676800000,17.88,18.529999999999998,17.88,18.06,26859,48690511.0,0.0,15,17.81,0
20221017,1665936000000,17.990000000000002,18.360000000000003,17.92,18.25,22626,41161569.0,0.0,15,18.060000000000002,0
20221018,1666022400000,18.400000000000002,18.59,18.12,18.39,17601,32311502.999999996,0.0,15,18.25,0
20221019,1666108800000,18.38,18.8,18.18,18.45,22926,42372497.0,0.0,15,18.39,0
20221020,1666195200000,18.25,18.560000000000002,18.1,18.200000000000003,17491,31986277.0,0.0,15,18.450000000000003,0
20221021,1666281600000,18.36,18.97,18.27,18.82,34606,64737099.0,0.0,15,18.2,0
20221024,1666540800000,18.66,18.89,17.71,17.720000000000002,34266,62788323.00000001,0.0,15,18.82,0
20221025,1666627200000,18.07,18.28,17.36,17.89,17397,30778456.0,0.0,15,17.72,0
20221026,1666713600000,17.6,18.23,17.5,18.12,13439,24272452.000000004,0.0,15,17.89,0
20221027,1666800000000,18.22,18.43,17.91,18.23,14057,25665916.0,0.0,15,18.12,0
20221028,1666886400000,18.2,18.29,17.18,17.31,18488,32705200.0,0.0,15,18.23,0
20221031,1667145600000,17.36,17.63,17.04,17.33,14278,24766220.0,0.0,15,17.31,0
20221101,1667232000000,17.500000000000004,18.070000000000004,17.400000000000002,18.060000000000002,18963,33812514.0,0.0,15,17.330000000000002,0
20221102,1667318400000,18.080000000000002,19.04,18.07,18.5,27954,51816361.0,0.0,15,18.06,0
20221103,1667404800000,18.5,20.279999999999998,18.22,19.099999999999998,63097,121876951.0,0.0,15,18.5,0
20221104,1667491200000,19.0,19.349999999999998,18.81,18.959999999999997,40801,77408051.0,0.0,15,19.099999999999998,0
20221107,1667750400000,18.919999999999998,19.82,18.72,19.599999999999998,48933,95113805.0,0.0,15,18.959999999999997,0
20221108,1667836800000,19.8,19.86,19.28,19.6,32765,64056219.00000001,0.0,15,19.6,0
20221109,1667923200000,19.6,20.28,19.28,19.34,29678,58190634.00000001,0.0,15,19.6,0
20221110,1668009600000,19.340000000000003,19.680000000000003,19.080000000000002,19.450000000000003,19893,38727746.0,0.0,15,19.340000000000003,0
20221111,1668096000000,19.71,21.200000000000003,19.650000000000002,20.64,72865,149164073.0,0.0,15,19.450000000000003,0
20221114,1668355200000,20.96,21.18,19.96,20.130000000000003,60100,123272682.0,0.0,15,20.64,0
20221115,1668441600000,20.02,20.38,19.7,20.06,32214,64453219.99999999,0.0,15,20.13,0
20221116,1668528000000,20.2,20.490000000000002,19.87,20.09,24579,49466825.0,0.0,15,20.060000000000002,0
20221117,1668614400000,20.25,20.259999999999998,19.61,19.75,23157,45816862.0,0.0,15,20.09,0
20221118,1668700800000,19.75,19.970000000000002,19.35,19.39,18865,36953818.0,0.0,15,19.75,0
20221121,1668960000000,19.3,19.48,19.05,19.46,16385,31532590.0,0.0,15,19.39,0
20221122,1669046400000,19.29,20.25,19.29,19.939999999999998,46528,92354859.0,0.0,15,19.46,0
20221123,1669132800000,19.76,20.93,19.55,19.810000000000002,65036,131567810.0,0.0,15,19.94,0
20221124,1669219200000,19.76,20.36,19.53,19.61,44387,88417704.0,0.0,15,19.810000000000002,0
20221125,1669305600000,19.56,20.279999999999998,19.56,19.709999999999997,32990,65792413.00000001,0.0,15,19.61,0
20221128,1669564800000,19.25,19.59,19.04,19.2,31595,60775911.0,0.0,15,19.71,0
20221129,1669651200000,19.5,20.53,19.43,20.31,62954,126236322.0,0.0,15,19.2,0
20221130,1669737600000,20.3,20.560000000000002,19.46,19.59,45349,90514128.0,0.0,15,20.310000000000002,0
20221201,1669824000000,19.500000000000004,19.69,19.150000000000002,19.26,35337,68433871.00000001,0.0,15,19.590000000000003,0
20221202,1669910400000,19.240000000000002,19.720000000000002,18.78,19.64,36211,69742705.0,0.0,15,19.26,0
20221205,1670169600000,19.91,20.12,19.45,19.99,37163,73736651.0,0.0,15,19.64,0
20221206,1670256000000,20.1,20.1,19.400000000000002,19.44,26205,51497109.00000001,0.0,15,19.990000000000002,0
20221207,1670342400000,19.439999999999998,19.49,18.95,19.12,24002,45855970.0,0.0,15,19.439999999999998,0
20221208,1670428800000,19.17,19.17,18.69,18.77,21831,41165651.0,0.0,15,19.12,0
20221209,1670515200000,18.750000000000004,19.000000000000004,18.400000000000002,18.400000000000002,19091,35592669.0,0.0,15,18.770000000000003,0
20221212,1670774400000,18.3,18.520000000000003,18.150000000000002,18.35,13409,24582444.0,0.0,15,18.400000000000002,0
20221213,1670860800000,18.200000000000003,18.32,17.830000000000002,17.900000000000002,18343,33058169.0,0.0,15,18.35,0
20221214,1670947200000,17.9,18.0,17.52,17.69,18309,32460427.0,0.0,15,17.9,0
20221215,1671033600000,17.69,17.900000000000002,17.6,17.830000000000002,10675,19000665.0,0.0,15,17.69,0
20221216,1671120000000,17.89,18.48,17.52,18.14,35488,64034387.99999999,0.0,15,17.83,0
20221219,1671379200000,17.810000000000002,18.17,17.46,17.54,20011,35603866.0,0.0,15,18.14,0
20221220,1671465600000,17.540000000000003,17.96,17.28,17.78,18079,31993428.999999996,0.0,15,17.540000000000003,0
20221221,1671552000000,17.66,18.080000000000002,17.6,17.860000000000003,14105,25203676.0,0.0,15,17.78,0
20221222,1671638400000,18.13,18.13,16.91,16.93,26679,46236381.0,0.0,15,17.86,0
20221223,1671724800000,16.82,17.57,16.82,17.42,22880,39629626.00000001,0.0,15,16.93,0
20221226,1671984000000,17.22,17.73,17.22,17.64,13282,23398531.999999996,0.0,15,17.419999999999998,0
20221227,1672070400000,17.630000000000003,20.55,17.6,19.3,107159,207859542.0,0.0,15,17.64,0
20221228,1672156800000,19.060000000000002,19.26,18.6,18.78,60493,114015428.00000001,0.0,15,19.3,0
20221229,1672243200000,18.830000000000002,18.950000000000003,18.330000000000002,18.380000000000003,33047,61354850.00000001,0.0,15,18.78,0
20221230,1672329600000,18.46,18.57,18.18,18.46,24831,45639302.0,0.0,15,18.38,0
20230103,1672675200000,18.38,18.68,18.25,18.66,24087,44650850.0,0.0,15,18.46,0
20230104,1672761600000,18.64,19.57,18.51,19.430000000000003,59898,115421734.0,0.0,15,18.66,0
20230105,1672848000000,19.38,19.49,19.0,19.2,30973,59411603.00000001,0.0,15,19.43,0
20230106,1672934400000,19.19,20.79,19.07,20.16,94599,188794723.0,0.0,15,19.2,0
20230109,1673193600000,19.99,20.48,19.5,19.74,53762,106262864.0,0.0,15,20.16,0
20230110,1673280000000,19.580000000000002,19.94,19.400000000000002,19.520000000000003,30158,59189127.0,0.0,15,19.740000000000002,0
20230111,1673366400000,19.52,19.88,19.3,19.310000000000002,25981,50870092.0,0.0,15,19.52,0
20230112,1673452800000,19.22,19.43,19.07,19.17,18511,35591097.0,0.0,15,19.31,0
20230113,1673539200000,19.36,19.52,19.09,19.2,17636,33962368.0,0.0,15,19.169999999999998,0
20230116,1673798400000,19.16,19.7,19.05,19.55,21033,40945091.0,0.0,15,19.2,0
20230117,1673884800000,19.66,19.66,19.31,19.439999999999998,14800,28765830.0,0.0,15,19.549999999999997,0
20230118,1673971200000,19.4,19.63,19.36,19.45,10680,20797774.0,0.0,15,19.439999999999998,0
20230119,1674057600000,19.42,19.830000000000002,19.35,19.68,21230,41657106.0,0.0,15,19.450000000000003,0
20230120,1674144000000,19.630000000000003,19.950000000000003,19.6,19.950000000000003,18717,37058178.0,0.0,15,19.68,0
20230130,1675008000000,20.209999999999997,20.24,19.88,19.95,25602,51228065.99999999,0.0,15,19.95,0
20230131,1675094400000,19.82,20.28,19.67,20.19,22980,45913910.0,0.0,15,19.950000000000003,0
20230201,1675180800000,20.180000000000003,20.580000000000002,20.01,20.41,30074,61022467.0,0.0,15,20.19,0
20230202,1675267200000,20.12,20.5,20.12,20.43,20468,41687530.0,0.0,15,20.41,0
20230203,1675353600000,20.48,20.490000000000002,20.01,20.28,16799,33950758.0,0.0,15,20.430000000000003,0
20230206,1675612800000,20.2,20.89,20.06,20.549999999999997,30977,63514842.99999999,0.0,15,20.279999999999998,0
20230207,1675699200000,20.58,20.58,20.27,20.45,23259,47437721.0,0.0,15,20.55,0
20230208,1675785600000,20.44,20.45,19.98,20.01,20305,40900601.00000001,0.0,15,20.45,0
20230209,1675872000000,20.009999999999998,20.169999999999998,19.95,20.13,17884,35883244.0,0.0,15,20.009999999999998,0
20230210,1675958400000,20.13,20.189999999999998,19.88,19.97,13329,26666822.999999996,0.0,15,20.13,0
20230213,1676217600000,19.98,20.76,19.91,20.25,33811,68535274.0,0.0,15,19.97,0
20230214,1676304000000,20.37,20.779999999999998,20.2,20.41,34175,69909044.0,0.0,15,20.25,0
20230215,1676390400000,20.49,20.78,20.16,20.46,27576,56331462.99999999,0.0,15,20.41,0
20230216,1676476800000,20.46,20.75,19.27,19.56,35685,71535808.0,0.0,15,20.46,0
20230217,1676563200000,19.6,20.880000000000003,19.6,20.39,62142,126550357.0,0.0,15,19.560000000000002,0
20230220,1676822400000,20.51,21.650000000000002,20.28,20.94,76228,160035546.0,0.0,15,20.39,0
20230221,1676908800000,20.89,21.68,20.62,21.66,77586,164360236.0,0.0,15,20.94,0
20230222,1676995200000,21.419999999999998,21.68,21.09,21.36,51784,110721696.0,0.0,15,21.66,0
20230223,1677081600000,21.3,21.41,20.92,21.290000000000003,31978,67593464.0,0.0,15,21.360000000000003,0
20230224,1677168000000,21.200000000000003,21.200000000000003,20.580000000000002,20.880000000000003,26354,54839144.00000001,0.0,15,21.290000000000003,0
20230227,1677427200000,20.82,20.82,20.21,20.5,23137,47412752.0,0.0,15,20.880000000000003,0
20230228,1677513600000,20.44,20.65,20.25,20.62,17303,35391743.0,0.0,15,20.5,0
20230301,1677600000000,20.6,20.82,20.44,20.720000000000002,17294,35635537.0,0.0,15,20.62,0
20230302,1677686400000,20.599999999999998,21.57,20.52,20.95,41236,87190134.0,0.0,15,20.72,0
20230303,1677772800000,20.900000000000002,21.400000000000002,20.73,20.91,33804,71239214.0,0.0,15,20.95,0
20230306,1678032000000,20.82,20.98,20.23,20.44,26621,54549705.99999999,0.0,15,20.91,0
20230307,1678118400000,20.41,21.07,20.080000000000002,20.26,29553,60837896.00000001,0.0,15,20.44,0
20230308,1678204800000,19.99,20.66,19.88,20.52,20799,42468925.0,0.0,15,20.259999999999998,0
20230309,1678291200000,20.55,21.91,20.25,21.71,97333,208087588.0,0.0,15,20.52,0
20230310,1678377600000,22.88,24.62,21.82,21.89,148205,342130498.0,0.0,15,21.71,0
20230313,1678636800000,20.72,21.66,20.72,21.23,99355,209465488.0,0.0,15,21.89,0
20230314,1678723200000,20.81,20.95,20.02,20.08,66291,134958515.0,0.0,15,21.23,0
20230315,1678809600000,20.3,21.3,20.0,21.24,67844,140331803.0,0.0,15,20.08,0
20230316,1678896000000,20.99,21.29,20.52,20.63,45643,95253116.0,0.0,15,21.24,0
20230317,1678982400000,20.78,21.080000000000002,20.400000000000002,20.580000000000002,34927,72323442.99999999,0.0,15,20.630000000000003,0
20230320,1679241600000,20.7,20.78,20.11,20.2,29585,60377699.0,0.0,15,20.58,0
20230321,1679328000000,20.209999999999997,20.599999999999998,20.13,20.599999999999998,23138,47177017.0,0.0,15,20.2,0
20230322,1679414400000,20.560000000000002,21.17,20.46,20.89,34684,72592707.0,0.0,15,20.6,0
20230323,1679500800000,20.74,21.05,20.52,20.66,25844,53617669.0,0.0,15,20.89,0
20230324,1679587200000,20.51,20.65,20.16,20.21,29208,59355282.99999999,0.0,15,20.66,0
20230327,1679846400000,20.3,20.529999999999998,20.13,20.509999999999998,18329,37375819.0,0.0,15,20.209999999999997,0
20230328,1679932800000,20.520000000000003,20.62,19.740000000000002,19.76,28107,56258840.99999999,0.0,15,20.51,0
20230329,1680019200000,19.970000000000002,19.98,19.17,19.220000000000002,26552,51739323.99999999,0.0,15,19.76,0
20230330,1680105600000,19.39,19.6,18.76,18.85,26323,50131757.00000001,0.0,15,19.220000000000002,0
20230331,1680192000000,18.69,19.05,18.66,18.88,16144,30430162.0,0.0,15,18.85,0
20230403,1680451200000,18.86,19.259999999999998,18.86,19.009999999999998,21868,41695942.0,0.0,15,18.88,0
20230404,1680537600000,19.200000000000003,19.200000000000003,18.35,18.450000000000003,28574,53152535.0,0.0,15,19.01,0
20230406,1680710400000,18.48,18.58,18.25,18.52,16952,31218014.0,0.0,15,18.45,0
20230407,1680796800000,18.490000000000002,18.68,18.37,18.6,13853,25766235.0,0.0,15,18.52,0
20230410,1681056000000,18.599999999999998,18.65,18.2,18.34,16113,29644767.0,0.0,15,18.599999999999998,0
20230411,1681142400000,18.34,18.45,18.0,18.17,16782,30434775.999999996,0.0,15,18.34,0
20230412,1681228800000,18.279999999999998,18.279999999999998,18.06,18.119999999999997,11840,21488348.0,0.0,15,18.169999999999998,0
20230413,1681315200000,18.240000000000002,19.53,18.05,19.240000000000002,54062,101708199.0,0.0,15,18.12,0
20230414,1681401600000,19.049999999999997,19.36,18.72,18.799999999999997,31066,58754011.00000001,0.0,15,19.24,0
20230417,1681660800000,18.68,19.1,18.68,18.88,18215,34362636.0,0.0,15,18.8,0
20230418,1681747200000,18.86,18.96,18.36,18.43,17175,31738188.0,0.0,15,18.88,0
20230419,1681833600000,18.590000000000003,18.680000000000003,18.17,18.470000000000002,16199,29762674.000000004,0.0,15,18.430000000000003,0
20230420,1681920000000,18.490000000000002,18.490000000000002,18.05,18.27,15444,28120429.0,0.0,15,18.470000000000002,0
20230421,1682006400000,18.36,18.58,18.11,18.15,13192,24163744.000000004,0.0,15,18.27,0
20230424,1682265600000,18.1,18.14,17.3,17.560000000000002,16685,29363686.0,0.0,15,18.150000000000002,0
20230425,1682352000000,17.56,17.779999999999998,16.97,17.169999999999998,15481,26714232.0,0.0,15,17.56,0
20230426,1682438400000,17.169999999999998,17.4,16.84,17.0,20065,34232631.0,0.0,15,17.169999999999998,0
20230427,1682524800000,17.03,17.75,16.92,17.330000000000002,22064,38475378.0,0.0,15,17.0,0
20230428,1682611200000,17.330000000000002,18.01,17.26,17.880000000000003,19356,34189418.0,0.0,15,17.330000000000002,0
20230504,1683129600000,17.7,18.279999999999998,17.7,18.189999999999998,14670,26473079.000000004,0.0,15,17.88,0
20230505,1683216000000,18.16,19.15,17.98,18.61,35189,65924040.99999999,0.0,15,18.19,0
20230508,1683475200000,18.63,18.97,18.43,18.8,25266,47169627.0,0.0,15,18.61,0
20230509,1683561600000,18.65,18.96,18.5,18.5,18808,35127173.0,0.0,15,18.8,0
20230510,1683648000000,18.46,19.150000000000002,18.46,18.78,19227,36173027.0,0.0,15,18.5,0
20230511,1683734400000,18.990000000000002,19.220000000000002,18.580000000000002,18.990000000000002,23327,44188414.0,0.0,15,18.78,0
20230512,1683820800000,18.95,19.080000000000002,18.62,18.67,14752,27719661.000000004,0.0,15,18.990000000000002,0
20230515,1684080000000,18.78,18.8,18.36,18.63,11820,21953515.000000004,0.0,15,18.669999999999998,0
20230516,1684166400000,18.77,18.77,18.22,18.32,10310,18942576.0,0.0,15,18.63,0
20230517,1684252800000,18.36,18.849999999999998,18.11,18.81,15095,28098559.000000004,0.0,15,18.32,0
20230518,1684339200000,18.8,19.2,18.66,19.19,20764,39435267.00000001,0.0,15,18.81,0
20230519,1684425600000,19.1,19.200000000000003,18.400000000000002,18.62,19567,36514543.0,0.0,15,19.19,0
20230522,1684684800000,18.55,18.860000000000003,18.490000000000002,18.82,11008,20609891.0,0.0,15,18.62,0
20230523,1684771200000,18.820000000000004,19.28,18.650000000000002,19.01,22960,43738200.99999999,0.0,15,18.820000000000004,0
20230524,1684857600000,18.900000000000002,19.290000000000003,18.78,19.1,21621,41323507.0,0.0,15,19.01,0
20230525,1684944000000,19.1,22.92,18.91,22.92,124956,269778688.0,0.0,15,19.1,0
20230526,1685030400000,22.69,26.39,22.01,23.560000000000002,238864,573845846.0,0.0,15,22.92,0
20230529,1685289600000,22.349999999999998,23.259999999999998,21.63,22.7,143925,322981470.0,0.0,15,23.56,0
20230530,1685376000000,22.180000000000003,23.150000000000002,21.42,21.8,112847,249329852.0,0.0,15,22.700000000000003,0
20230531,1685462400000,21.56,21.68,20.93,21.1,70884,150011092.0,0.0,15,21.74,0
20230601,1685548800000,21.15,21.86,20.81,20.959999999999997,70980,150585240.00000003,0.0,15,21.099999999999998,0
20230602,1685635200000,20.959999999999997,21.38,20.56,21.06,65643,138316104.0,0.0,15,20.959999999999997,0
20230605,1685894400000,21.160000000000004,22.3,20.900000000000002,21.67,108527,234765902.0,0.0,15,21.060000000000002,0
20230606,1685980800000,21.39,22.96,21.1,22.1,127206,281090999.0,0.0,15,21.67,0
20230607,1686067200000,21.71,22.46,21.17,21.28,87630,188981891.00000003,0.0,15,22.1,0
20230608,1686153600000,21.080000000000002,24.7,20.91,23.12,172076,393483000.0,0.0,15,21.28,0
20230609,1686240000000,22.290000000000003,22.6,21.6,21.82,115849,255213089.0,0.0,15,23.12,0
20230612,1686499200000,21.9,23.55,21.34,23.07,125363,283596095.0,0.0,15,21.82,0
20230613,1686585600000,23.42,23.490000000000002,22.66,22.96,84944,194938147.00000003,0.0,15,23.07,0
20230614,1686672000000,22.78,23.330000000000002,22.42,22.5,72420,165060180.00000003,0.0,15,22.96,0
20230615,1686758400000,22.46,22.81,22.09,22.22,53543,119788106.00000001,0.0,15,22.5,0
20230616,1686844800000,22.03,22.560000000000002,21.92,22.16,61160,135910433.0,0.0,15,22.220000000000002,0
20230619,1687104000000,22.200000000000003,22.25,21.69,21.830000000000002,45422,99447369.00000001,0.0,15,22.16,0
20230620,1687190400000,21.8,21.88,21.38,21.45,41663,89881333.0,0.0,15,21.83,0
20230621,1687276800000,21.5,21.75,21.07,21.11,30471,64984942.99999999,0.0,15,21.45,0
20230626,1687708800000,21.18,21.8,20.7,21.599999999999998,52912,113156465.00000001,0.0,15,21.11,0
20230627,1687795200000,21.8,22.270000000000003,21.150000000000002,21.970000000000002,51140,111377874.0,0.0,15,21.6,0
20230628,1687881600000,21.78,23.0,21.62,22.150000000000002,65699,146725784.0,0.0,15,21.970000000000002,0
20230629,1687968000000,21.71,22.33,21.27,21.8,46468,101694482.0,0.0,15,22.15,0
20230630,1688054400000,21.8,22.6,21.69,21.76,40547,89286011.00000001,0.0,15,21.8,0
20230703,1688313600000,21.92,22.5,21.85,22.0,47009,104170668.0,0.0,15,21.76,0
20230704,1688400000000,22.14,22.17,21.1,21.44,49519,106208052.0,0.0,15,22.0,0
20230705,1688486400000,21.24,21.64,21.09,21.62,29463,63166947.0,0.0,15,21.44,0
20230706,1688572800000,21.580000000000002,21.75,21.1,21.1,24927,52988476.0,0.0,15,21.62,0
20230707,1688659200000,20.99,21.66,20.7,21.45,35170,75092645.0,0.0,15,21.099999999999998,0
20230710,1688918400000,21.36,22.96,21.29,22.89,100267,225169399.0,0.0,15,21.45,0
20230711,1689004800000,22.900000000000002,23.200000000000003,22.37,22.650000000000002,61045,138481690.0,0.0,15,22.89,0
20230712,1689091200000,22.83,23.12,22.2,22.43,53804,121221703.0,0.0,15,22.65,0
20230713,1689177600000,22.5,22.75,20.78,21.37,88734,190748867.0,0.0,15,22.43,0
20230714,1689264000000,21.1,21.34,20.91,21.24,35025,74030533.0,0.0,15,21.37,0
20230717,1689523200000,21.19,21.63,20.41,21.330000000000002,41978,88420987.00000001,0.0,15,21.240000000000002,0
20230718,1689609600000,21.290000000000003,21.87,20.900000000000002,21.810000000000002,48138,103472300.0,0.0,15,21.330000000000002,0
20230719,1689696000000,21.91,22.45,21.66,22.22,61171,135464460.00000003,0.0,15,21.81,0
20230720,1689782400000,22.2,23.93,22.02,23.07,127405,294182602.0,0.0,15,22.22,0
20230721,1689868800000,23.4,25.88,22.7,24.33,175500,424254423.0,0.0,15,23.07,0
20230724,1690128000000,25.259999999999998,26.77,23.45,23.45,174326,437355392.0,0.0,15,24.33,0
20230725,1690214400000,23.580000000000002,25.42,23.150000000000002,24.96,172848,423233338.0,0.0,15,23.450000000000003,0
20230726,1690300800000,24.5,26.55,24.36,25.84,195001,503930575.0,0.0,15,24.96,0
20230727,1690387200000,24.61,25.17,23.0,23.4,150556,361962293.0,0.0,15,25.84,0
20230728,1690473600000,23.41,24.23,22.27,22.349999999999998,123497,282652082.00000006,0.0,15,23.4,0
20230731,1690732800000,22.39,23.33,21.93,22.86,97415,221755245.0,0.0,15,22.35,0
20230801,1690819200000,23.01,23.01,21.66,21.96,84580,186264466.0,0.0,15,22.86,0
20230802,1690905600000,21.69,22.38,21.68,21.98,47476,104630430.0,0.0,15,21.96,0
20230803,1690992000000,21.2,21.240000000000002,20.48,20.63,83904,174317720.99999997,0.0,15,21.98,0
20230804,1691078400000,20.65,20.869999999999997,20.22,20.23,60328,123457525.0,0.0,15,20.63,0
20230807,1691337600000,20.060000000000002,20.240000000000002,19.8,19.92,37346,74526451.0,0.0,15,20.23,0
20230808,1691424000000,19.930000000000003,20.790000000000003,19.92,20.630000000000003,76757,157515356.0,0.0,15,19.92,0
20230809,1691510400000,20.45,21.63,20.13,20.72,84582,177878917.0,0.0,15,20.63,0
20230810,1691596800000,20.23,20.48,20.0,20.07,51982,105098226.00000001,0.0,15,20.72,0
20230811,1691683200000,20.02,20.39,19.8,19.87,36212,72476431.0,0.0,15,20.07,0
20230814,1691942400000,19.74,20.41,19.45,20.3,34059,68209378.0,0.0,15,19.87,0
20230815,1692028800000,20.349999999999998,20.39,19.72,19.91,25209,50273853.0,0.0,15,20.299999999999997,0
20230816,1692115200000,19.87,20.35,19.6,20.12,37747,75881366.0,0.0,15,19.91,0
20230817,1692201600000,20.020000000000003,20.85,19.830000000000002,20.790000000000003,51760,105810241.0,0.0,15,20.12,0
20230818,1692288000000,20.630000000000003,21.700000000000003,20.400000000000002,20.8,77242,162266182.00000003,0.0,15,20.790000000000003,0
20230821,1692547200000,20.54,22.5,20.52,21.84,108166,234391133.0,0.0,15,20.8,0
20230822,1692633600000,22.0,22.0,21.17,21.590000000000003,71331,153506212.0,0.0,15,21.840000000000003,0
20230823,1692720000000,21.4,21.4,20.7,20.82,45642,95703316.0,0.0,15,21.59,0
20230824,1692806400000,20.74,20.92,20.16,20.27,37760,77113775.00000001,0.0,15,20.82,0
20230825,1692892800000,20.31,20.81,19.95,20.43,46526,95146776.0,0.0,15,20.27,0
20230828,1693152000000,21.8,22.43,20.8,21.400000000000002,98722,213707952.0,0.0,15,20.43,0
20230829,1693238400000,21.299999999999997,22.04,21.22,21.799999999999997,68951,149233298.0,0.0,15,21.4,0
20230830,1693324800000,21.5,21.78,20.82,21.02,56012,118769656.0,0.0,15,21.8,0
20230831,1693411200000,21.04,21.32,20.31,20.32,40554,83797567.0,0.0,15,21.02,0
20230901,1693497600000,20.400000000000002,24.380000000000003,20.19,24.380000000000003,138165,317073511.0,0.0,15,20.32,0
20230904,1693756800000,25.72,26.36,24.48,25.07,238999,605551270.0000001,0.0,15,24.38,0
20230905,1693843200000,24.15,26.38,23.56,26.38,261791,662605066.0,0.0,15,25.07,0
20230906,1693929600000,25.45,25.63,24.16,24.16,195671,482891990.0,0.0,15,26.38,0
20230907,1694016000000,24.240000000000002,28.220000000000002,24.240000000000002,26.96,276292,733192181.0,0.0,15,24.160000000000004,0
20230908,1694102400000,25.2,26.5,24.79,25.73,222996,572549780.0,0.0,15,26.96,0
20230911,1694361600000,24.99,24.99,23.2,23.97,151104,361958853.99999994,0.0,15,25.73,0
20230912,1694448000000,24.000000000000004,24.21,22.740000000000002,22.990000000000002,121859,282985581.99999994,0.0,15,23.970000000000002,0
20230913,1694534400000,22.990000000000002,24.98,22.8,24.310000000000002,193351,469301886.0,0.0,15,22.990000000000002,0
20230914,1694620800000,23.5,23.85,22.8,23.12,122730,284524439.0,0.0,15,24.310000000000002,0
20230915,1694707200000,23.14,23.88,22.5,23.86,122837,284919335.00000006,0.0,15,23.12,0
20230918,1694966400000,23.32,26.0,23.32,24.81,179854,444220644.99999994,0.0,15,23.86,0
20230919,1695052800000,24.81,25.599999999999998,23.13,23.31,150010,365287118.00000006,0.0,15,24.81,0
20230920,1695139200000,22.830000000000002,23.0,21.1,21.26,128149,278405006.0,0.0,15,23.310000000000002,0
20230921,1695225600000,21.25,21.62,20.85,21.450000000000003,81620,173844988.00000003,0.0,15,21.26,0
20230922,1695312000000,21.01,21.330000000000002,20.39,21.22,75655,158485055.00000003,0.0,15,21.45,0
20230925,1695571200000,20.98,21.09,20.11,20.38,86102,175830988.0,0.0,15,21.22,0
20230926,1695657600000,20.299999999999997,20.299999999999997,19.47,19.57,76612,151159572.0,0.0,15,20.38,0
20230927,1695744000000,19.5,19.7,18.97,18.99,78324,151402515.0,0.0,15,19.57,0
20230928,1695830400000,18.98,19.29,18.89,18.98,53737,102447027.0,0.0,15,18.990000000000002,0
20231009,1696780800000,18.990000000000002,19.060000000000002,18.39,18.5,55797,103612710.0,0.0,15,18.98,0
20231010,1696867200000,18.5,18.630000000000003,18.12,18.19,45833,83693761.0,0.0,15,18.5,0
20231011,1696953600000,18.250000000000004,18.270000000000003,17.900000000000002,18.01,39525,71379464.0,0.0,15,18.19,0
20231012,1697040000000,18.01,18.150000000000002,17.76,18.150000000000002,37922,68185020.00000001,0.0,15,18.01,0
20231013,1697126400000,18.05,18.08,17.61,17.65,41778,74304211.0,0.0,15,18.15,0
20231016,1697385600000,17.759999999999998,17.82,17.45,17.56,36113,63756777.0,0.0,15,17.65,0
20231017,1697472000000,17.6,17.630000000000003,17.19,17.360000000000003,34393,59624058.00000001,0.0,15,17.560000000000002,0
20231018,1697558400000,17.36,17.36,16.9,16.9,30112,51253211.0,0.0,15,17.36,0
20231019,1697644800000,16.959999999999997,17.299999999999997,16.72,16.939999999999998,32276,54977876.0,0.0,15,16.9,0
20231020,1697731200000,16.89,17.26,16.8,16.88,28417,48327554.00000001,0.0,15,16.94,0
20231023,1697990400000,16.8,16.840000000000003,16.240000000000002,16.32,31439,51813275.99999999,0.0,15,16.880000000000003,0
20231024,1698076800000,16.5,17.12,16.37,17.11,49487,83673999.0,0.0,15,16.32,0
20231025,1698163200000,17.9,18.23,17.47,17.66,75099,133231530.0,0.0,15,17.11,0
20231026,1698249600000,17.45,17.86,17.0,17.38,50252,86919215.0,0.0,15,17.66,0
20231027,1698336000000,17.25,17.37,17.05,17.2,33790,58046466.00000001,0.0,15,17.38,0
20231030,1698595200000,17.0,17.56,17.0,17.47,35404,61444890.00000001,0.0,15,17.2,0
20231031,1698681600000,17.57,18.259999999999998,17.43,17.759999999999998,64996,115956714.0,0.0,15,17.47,0
20231101,1698768000000,17.6,18.360000000000003,17.51,18.03,60098,108298877.0,0.0,15,17.76,0
20231102,1698854400000,18.189999999999998,18.25,17.72,17.74,42039,75255362.0,0.0,15,18.029999999999998,0
20231103,1698940800000,17.700000000000003,17.96,17.6,17.720000000000002,27794,49472310.0,0.0,15,17.740000000000002,0
20231106,1699200000000,17.88,18.1,17.73,18.03,37448,67278981.0,0.0,15,17.72,0
20231107,1699286400000,18.0,18.2,17.88,18.16,38123,68788506.00000001,0.0,15,18.029999999999998,0
20231108,1699372800000,18.26,18.26,17.84,18.03,37005,66496716.0,0.0,15,18.16,0
20231109,1699459200000,18.07,18.42,17.92,18.090000000000003,39859,72456645.00000001,0.0,15,18.03,0
20231110,1699545600000,17.98,18.06,17.63,17.91,27057,48327429.0,0.0,15,18.09,0
20231113,1699804800000,17.889999999999997,18.57,17.81,18.56,49700,90870131.0,0.0,15,17.91,0
20231114,1699891200000,18.430000000000003,18.6,18.26,18.39,28995,53267506.0,0.0,15,18.560000000000002,0
20231115,1699977600000,18.450000000000003,18.560000000000002,18.26,18.290000000000003,28070,51612378.0,0.0,15,18.39,0
20231116,1700064000000,18.29,18.400000000000002,18.21,18.310000000000002,23472,42981126.0,0.0,15,18.29,0
20231117,1700150400000,18.23,18.400000000000002,18.1,18.21,18517,33724547.0,0.0,15,18.310000000000002,0
20231120,1700409600000,18.220000000000002,18.330000000000002,18.1,18.32,21794,39712719.0,0.0,15,18.21,0
20231121,1700496000000,18.3,18.68,18.18,18.19,38566,71168770.0,0.0,15,18.32,0
20231122,1700582400000,18.200000000000003,18.540000000000003,18.150000000000002,18.180000000000003,30691,56271681.0,0.0,15,18.19,0
20231123,1700668800000,18.1,18.43,17.85,18.3,28187,51253546.0,0.0,15,18.18,0
20231124,1700755200000,18.39,18.490000000000002,17.92,17.96,21042,38064657.00000001,0.0,15,18.3,0
20231127,1701014400000,17.96,18.189999999999998,17.79,17.86,18797,33751174.0,0.0,15,17.96,0
20231128,1701100800000,17.86,18.14,17.73,18.06,17281,31096378.0,0.0,15,17.86,0
20231129,1701187200000,18.05,18.080000000000002,17.55,17.560000000000002,21810,38617777.0,0.0,15,18.060000000000002,0
20231130,1701273600000,17.680000000000003,17.750000000000004,17.330000000000002,17.46,16256,28406083.0,0.0,15,17.560000000000002,0
20231201,1701360000000,17.5,17.82,17.27,17.74,18707,33022266.0,0.0,15,17.46,0
20231204,1701619200000,17.72,18.009999999999998,17.72,17.869999999999997,17015,30427336.0,0.0,15,17.74,0
20231205,1701705600000,17.87,17.88,17.32,17.32,16996,29811528.000000004,0.0,15,17.87,0
20231206,1701792000000,17.490000000000002,17.68,17.23,17.45,15662,27375226.000000004,0.0,15,17.32,0
20231207,1701878400000,17.54,17.63,17.18,17.259999999999998,15516,26807043.0,0.0,15,17.45,0
20231208,1701964800000,17.28,17.36,16.8,16.85,19940,33905358.00000001,0.0,15,17.26,0
20231211,1702224000000,16.8,17.080000000000002,16.51,16.96,20387,34392270.0,0.0,15,16.85,0
20231212,1702310400000,17.099999999999998,17.32,16.88,17.279999999999998,17056,29194114.0,0.0,15,16.959999999999997,0
20231213,1702396800000,17.29,17.55,17.2,17.2,19291,33486511.999999996,0.0,15,17.279999999999998,0
20231214,1702483200000,17.48,17.48,17.1,17.290000000000003,16165,27944767.0,0.0,15,17.200000000000003,0
20231215,1702569600000,17.26,17.500000000000004,17.150000000000002,17.220000000000002,11127,19177058.999999996,0.0,15,17.290000000000003,0
20231218,1702828800000,17.18,17.41,16.9,16.97,16766,28750753.0,0.0,15,17.22,0
20231219,1702915200000,16.889999999999997,17.209999999999997,16.81,16.91,8891,15057378.999999998,0.0,15,16.97,0
20231220,1703001600000,17.02,17.27,16.96,16.98,17272,29566025.0,0.0,15,16.91,0
20231221,1703088000000,16.990000000000002,17.05,16.580000000000002,16.930000000000003,14955,25204029.0,0.0,15,16.98,0
20231222,1703174400000,16.98,17.11,16.59,16.61,15372,25676609.0,0.0,15,16.93,0
20231225,1703433600000,16.59,16.68,16.13,16.16,16753,27250505.0,0.0,15,16.61,0
20231226,1703520000000,16.34,16.35,15.950000000000001,16.01,14071,22598175.0,0.0,15,16.16,0
20231227,1703606400000,16.0,16.23,15.84,16.05,12711,20317955.0,0.0,15,16.01,0
20231228,1703692800000,16.01,16.59,15.81,16.490000000000002,17873,29186682.0,0.0,15,16.05,0
20231229,1703779200000,16.549999999999997,16.799999999999997,16.22,16.75,15018,24991894.0,0.0,15,16.49,0
20240102,1704124800000,16.87,17.110000000000003,16.830000000000002,17.01,17010,28956737.0,0.0,15,16.750000000000004,0
20240103,1704211200000,16.99,17.02,16.7,16.79,13670,23007931.000000004,0.0,15,17.009999999999998,0
20240104,1704297600000,16.82,16.96,16.7,16.87,18127,30522483.0,0.0,15,16.79,0
20240105,1704384000000,16.94,17.060000000000002,16.580000000000002,16.650000000000002,14942,25138067.0,0.0,15,16.87,0
20240108,1704643200000,16.7,17.47,16.61,16.63,39685,67331816.00000001,0.0,15,16.65,0
20240109,1704729600000,16.5,16.96,16.36,16.49,30841,51222309.0,0.0,15,16.63,0
20240110,1704816000000,16.490000000000002,16.64,16.12,16.290000000000003,18095,29644656.0,0.0,15,16.490000000000002,0
20240111,1704902400000,16.5,16.78,16.32,16.77,19556,32418720.0,0.0,15,16.29,0
20240112,1704988800000,17.31,17.509999999999998,16.7,16.7,54842,93992149.99999999,0.0,15,16.77,0
20240115,1705248000000,16.25,16.490000000000002,16.01,16.150000000000002,39743,64260960.0,0.0,15,16.700000000000003,0
20240116,1705334400000,16.040000000000003,16.75,15.780000000000001,16.19,37926,61411964.0,0.0,15,16.150000000000002,0
20240117,1705420800000,16.18,16.26,15.63,15.63,22117,35122277.0,0.0,15,16.19,0
20240118,1705507200000,15.6,15.68,15.02,15.49,21271,32544601.0,0.0,15,15.629999999999999,0
20240119,1705593600000,15.5,15.540000000000001,15.07,15.07,15133,23043812.000000004,0.0,15,15.49,0
20240122,1705852800000,15.07,15.120000000000001,13.96,14.100000000000001,22464,32716244.0,0.0,15,15.07,0
20240123,1705939200000,14.1,14.15,13.74,14.09,22707,31667834.0,0.0,15,14.1,0
20240124,1706025600000,14.14,14.6,13.98,14.6,25961,37260345.0,0.0,15,14.09,0
20240125,1706112000000,14.7,15.65,14.59,15.629999999999999,35890,54842611.00000001,0.0,15,14.6,0
20240126,1706198400000,15.76,16.44,15.52,15.82,39062,62634856.0,0.0,15,15.629999999999999,0
20240129,1706457600000,15.82,15.930000000000001,14.96,14.96,26821,41218614.0,0.0,15,15.82,0
20240130,1706544000000,14.940000000000001,14.98,14.39,14.41,19553,28628159.0,0.0,15,14.96,0
20240131,1706630400000,14.39,14.39,13.35,13.44,22866,31629759.0,0.0,15,14.41,0
20240201,1706716800000,13.56,13.56,12.65,12.83,33518,43404680.0,0.0,15,13.440000000000001,0
20240202,1706803200000,12.799999999999999,13.35,11.6,12.0,35969,44901049.0,0.0,15,12.83,0
20240205,1707062400000,11.91,12.04,9.85,10.01,53938,56409366.0,0.0,15,12.0,0
20240206,1707148800000,9.7,10.2,8.42,9.73,63369,58449978.00000001,0.0,15,10.01,0
20240207,1707235200000,9.85,9.85,8.4,8.51,73271,64932622.0,0.0,15,9.73,0
20240208,1707321600000,8.5,9.24,7.63,9.2,80209,68087746.0,0.0,15,8.51,0
20240219,1708272000000,9.39,10.290000000000001,9.39,9.98,75244,74114032.0,0.0,15,9.200000000000001,0
20240220,1708358400000,10.05,10.47,9.66,10.31,66630,67509256.0,0.0,15,9.98,0
20240221,1708444800000,10.09,11.79,10.08,10.85,72887,79081229.0,0.0,15,10.31,0
20240222,1708531200000,10.84,11.32,10.73,11.200000000000001,47150,52225265.0,0.0,15,10.85,0
20240223,1708617600000,11.22,11.75,11.21,11.670000000000002,47933,55182079.99999999,0.0,15,11.200000000000001,0
20240226,1708876800000,11.87,12.44,11.67,12.08,56367,67813310.0,0.0,15,11.67,0
20240227,1708963200000,12.22,12.6,11.98,12.6,45597,56220126.0,0.0,15,12.08,0
20240228,1709049600000,12.64,13.2,11.09,11.129999999999999,76277,93370391.0,0.0,15,12.6,0
20240229,1709136000000,11.02,11.72,10.9,11.700000000000001,48151,55045823.0,0.0,15,11.13,0
20240301,1709222400000,11.71,12.23,11.700000000000001,11.96,42841,51090352.0,0.0,15,11.700000000000001,0
20240304,1709481600000,12.0,12.15,11.3,11.8,39403,45945682.00000001,0.0,15,11.96,0
20240305,1709568000000,11.850000000000001,11.91,11.38,11.41,32474,37549393.0,0.0,15,11.8,0
20240306,1709654400000,11.34,11.850000000000001,11.3,11.620000000000001,32352,37594989.0,0.0,15,11.41,0
20240307,1709740800000,11.65,11.86,11.42,11.58,31769,37131542.0,0.0,15,11.62,0
20240308,1709827200000,11.559999999999999,11.82,11.44,11.6,25356,29446454.0,0.0,15,11.58,0
20240311,1710086400000,11.600000000000001,11.940000000000001,11.540000000000001,11.940000000000001,27846,32889838.999999996,0.0,15,11.600000000000001,0
20240312,1710172800000,11.959999999999999,12.33,11.85,12.33,38529,46675803.00000001,0.0,15,11.94,0
20240313,1710259200000,12.299999999999999,12.37,11.94,12.209999999999999,33343,40449037.00000001,0.0,15,12.33,0
20240314,1710345600000,12.200000000000001,12.58,12.05,12.3,38181,47081066.0,0.0,15,12.21,0
20240315,1710432000000,12.290000000000001,12.55,12.06,12.49,29472,36360318.0,0.0,15,12.3,0
20240318,1710691200000,12.48,12.81,12.46,12.8,27502,34855641.0,0.0,15,12.49,0
20240319,1710777600000,12.8,12.89,12.58,12.6,30746,39025470.99999999,0.0,15,12.8,0
20240320,1710864000000,12.83,13.15,12.75,13.04,41034,53017906.0,0.0,15,12.6,0
20240321,1710950400000,13.06,13.270000000000001,12.790000000000001,13.020000000000001,37349,48638902.0,0.0,15,13.040000000000001,0
20240322,1711036800000,12.97,13.09,12.58,12.7,31777,40639878.0,0.0,15,13.02,0
20240325,1711296000000,12.8,12.8,12.200000000000001,12.290000000000001,30445,38040488.0,0.0,15,12.700000000000001,0
20240326,1711382400000,12.260000000000002,12.440000000000001,12.05,12.32,24163,29560354.0,0.0,15,12.290000000000001,0
20240327,1711468800000,12.33,12.38,11.75,11.81,22682,27349502.0,0.0,15,12.32,0
20240328,1711555200000,11.78,12.35,11.75,12.23,28531,34612001.0,0.0,15,11.81,0
20240329,1711641600000,12.280000000000001,12.82,12.23,12.49,31749,39811301.0,0.0,15,12.23,0
20240401,1711900800000,12.48,12.870000000000001,12.48,12.790000000000001,26380,33554577.0,0.0,15,12.49,0
20240402,1711987200000,12.83,13.12,12.67,12.8,32129,41329834.00000001,0.0,15,12.79,0
20240403,1712073600000,12.97,12.97,12.25,12.42,23541,29189817.0,0.0,15,12.8,0
20240408,1712505600000,12.370000000000001,12.38,11.66,11.68,29213,34847101.0,0.0,15,12.42,0
20240409,1712592000000,11.860000000000001,12.0,11.71,12.0,19595,23317602.0,0.0,15,11.680000000000001,0
20240410,1712678400000,11.920000000000002,11.96,11.21,11.450000000000001,27298,31318058.0,0.0,15,12.0,0
20240411,1712764800000,11.4,11.99,11.1,11.68,31808,36977293.0,0.0,15,11.45,0
20240412,1712851200000,11.66,11.75,11.31,11.33,24397,28005467.0,0.0,15,11.68,0
20240415,1713110400000,11.250000000000002,11.38,9.950000000000001,10.06,53088,55110531.0,0.0,15,11.330000000000002,0
20240416,1713196800000,10.09,10.12,8.86,8.92,48830,44883270.0,0.0,15,10.059999999999999,0
20240417,1713283200000,9.19,10.58,9.18,10.52,58644,59321133.0,0.0,15,8.92,0
20240418,1713369600000,10.48,10.73,9.94,10.11,40962,41894389.0,0.0,15,10.52,0
20240419,1713456000000,9.98,10.760000000000002,9.8,10.180000000000001,46723,47897698.0,0.0,15,10.110000000000001,0
20240422,1713715200000,10.35,10.379999999999999,9.69,9.889999999999999,37149,36826266.0,0.0,15,10.18,0
20240423,1713801600000,9.98,10.63,9.950000000000001,10.360000000000001,41383,42941613.0,0.0,15,9.89,0
20240424,1713888000000,10.350000000000001,10.850000000000001,10.21,10.63,37866,40028161.0,0.0,15,10.360000000000001,0
20240425,1713974400000,10.65,10.959999999999999,10.44,10.76,31551,33880165.0,0.0,15,10.629999999999999,0
20240426,1714060800000,10.76,10.979999999999999,10.36,10.54,36722,38799854.00000001,0.0,15,10.76,0
20240429,1714320000000,10.700000000000001,11.3,10.700000000000001,11.270000000000001,46271,51340311.00000001,0.0,15,10.540000000000001,0
20240430,1714406400000,11.25,11.370000000000001,10.98,11.1,35794,39790248.0,0.0,15,11.27,0
20240506,1714924800000,11.23,11.58,11.23,11.450000000000001,26288,30111824.0,0.0,15,11.1,0
20240507,1715011200000,11.459999999999999,11.58,11.35,11.549999999999999,23924,27474392.0,0.0,15,11.45,0
20240508,1715097600000,11.58,11.58,11.24,11.28,22603,25734611.0,0.0,15,11.55,0
20240509,1715184000000,11.450000000000001,11.8,11.38,11.530000000000001,23547,27301086.0,0.0,15,11.280000000000001,0
20240510,1715270400000,11.66,12.13,11.25,11.48,60269,70101312.00000001,0.0,15,11.53,0
20240513,1715529600000,11.32,11.34,10.9,11.05,38155,42413510.00000001,0.0,15,11.48,0
20240514,1715616000000,11.29,11.29,11.01,11.22,25735,28670485.000000004,0.0,15,11.049999999999999,0
20240515,1715702400000,11.2,11.93,11.08,11.55,43091,49859428.00000001,0.0,15,11.22,0
20240516,1715788800000,11.66,13.5,11.55,13.08,131225,166870266.0,0.0,15,11.55,0
20240517,1715875200000,12.450000000000001,13.200000000000001,12.38,13.100000000000001,144621,184280373.0,0.0,15,13.08,0
20240520,1716134400000,12.7,13.87,12.61,13.5,156196,205536037.0,0.0,15,13.1,0
20240521,1716220800000,13.05,13.5,12.5,12.61,113638,147383448.00000003,0.0,15,13.5,0
20240522,1716307200000,12.43,14.35,12.41,13.790000000000001,177507,237579687.0,0.0,15,12.61,0
20240523,1716393600000,13.22,13.670000000000002,12.96,13.350000000000001,121362,161542407.0,0.0,15,13.790000000000001,0
20240524,1716480000000,13.040000000000001,13.34,12.48,12.6,83665,107584273.0,0.0,15,13.35,0
20240527,1716739200000,12.379999999999999,12.59,11.93,12.27,57788,70091800.0,0.0,15,12.6,0
20240528,1716825600000,12.07,12.350000000000001,11.700000000000001,11.760000000000002,60008,71335793.00000001,0.0,15,12.270000000000001,0
20240529,1716912000000,11.75,12.4,11.65,12.0,52044,62690350.00000001,0.0,15,11.76,0
20240530,1716998400000,11.9,11.96,11.47,11.48,50959,59219368.00000001,0.0,15,12.0,0
20240531,1717084800000,11.47,11.72,11.370000000000001,11.530000000000001,34678,40088672.0,0.0,15,11.48,0
20240603,1717344000000,11.600000000000001,11.780000000000001,11.200000000000001,11.4,32503,37209186.00000001,0.0,15,11.530000000000001,0
20240604,1717430400000,11.49,11.5,10.89,11.15,36715,40700459.00000001,0.0,15,11.4,0
20240605,1717516800000,11.0,11.09,10.6,10.61,31967,34316278.0,0.0,15,11.09,0
20240606,1717603200000,10.610000000000001,10.680000000000001,9.71,9.98,50021,50257005.00000001,0.0,15,10.610000000000001,0
20240607,1717689600000,10.170000000000002,10.440000000000001,10.120000000000001,10.260000000000002,33339,34271165.0,0.0,15,9.98,0
20240611,1718035200000,10.32,10.360000000000001,9.88,10.340000000000002,28212,28666890.0,0.0,15,10.260000000000002,0
20240612,1718121600000,10.59,10.629999999999999,10.19,10.54,23475,24650017.0,0.0,15,10.34,0
20240613,1718208000000,10.549999999999999,10.7,10.36,10.41,19462,20354587.0,0.0,15,10.54,0
20240614,1718294400000,10.410000000000002,10.57,10.200000000000001,10.500000000000002,20511,21414412.0,0.0,15,10.410000000000002,0
20240617,1718553600000,10.45,10.58,10.28,10.35,15454,16071973.999999998,0.0,15,10.5,0
20240618,1718640000000,10.4,10.600000000000001,10.290000000000001,10.500000000000002,18792,19707725.0,0.0,15,10.350000000000001,0
20240619,1718726400000,10.6,11.139999999999999,10.52,11.049999999999999,53942,58960606.99999999,0.0,15,10.5,0
20240620,1718812800000,10.89,11.030000000000001,10.23,10.3,48002,50368966.0,0.0,15,11.05,0
20240621,1718899200000,10.3,11.08,10.09,10.77,51447,55104040.00000001,0.0,15,10.3,0
20240624,1719158400000,10.97,11.25,10.31,10.42,52099,55801734.0,0.0,15,10.770000000000001,0
20240625,1719244800000,10.11,10.7,10.0,10.18,34794,36026329.0,0.0,15,10.42,0
20240626,1719331200000,10.08,10.450000000000001,9.81,10.43,28377,28830543.999999996,0.0,15,10.18,0
20240627,1719417600000,10.4,10.69,10.33,10.46,31087,32756479.000000004,0.0,15,10.43,0
20240628,1719504000000,10.879999999999999,11.08,10.26,10.43,47015,50113318.0,0.0,15,10.459999999999999,0
20240701,1719763200000,10.29,10.94,10.25,10.64,46680,49917933.00000001,0.0,15,10.43,0
20240702,1719849600000,10.59,10.74,10.42,10.55,36959,39170473.0,0.0,15,10.64,0
20240703,1719936000000,10.459999999999999,10.54,10.28,10.28,24682,25639408.999999996,0.0,15,10.549999999999999,0
20240704,1720022400000,10.24,10.350000000000001,9.88,9.89,28296,28331402.999999996,0.0,15,10.280000000000001,0
20240705,1720108800000,9.92,10.1,9.65,10.030000000000001,19211,19089791.0,0.0,15,9.89,0
20240708,1720368000000,10.04,10.04,9.6,9.65,20776,20195322.0,0.0,15,10.03,0
20240709,1720454400000,9.71,9.81,9.4,9.77,23923,23039460.000000004,0.0,15,9.65,0
20240710,1720540800000,9.690000000000001,9.88,9.540000000000001,9.66,15927,15505224.000000002,0.0,15,9.770000000000001,0
20240711,1720627200000,9.77,10.07,9.77,10.02,24585,24485281.0,0.0,15,9.66,0
20240712,1720713600000,10.0,10.450000000000001,9.97,10.110000000000001,29101,29839342.999999996,0.0,15,10.020000000000001,0
20240715,1720972800000,10.129999999999999,10.23,9.84,9.9,24607,24457230.0,0.0,15,10.11,0
20240716,1721059200000,9.92,9.940000000000001,9.73,9.780000000000001,15145,14829124.0,0.0,15,9.9,0
20240717,1721145600000,9.81,9.93,9.66,9.67,18341,17939137.0,0.0,15,9.78,0
20240718,1721232000000,9.65,9.65,9.370000000000001,9.55,19860,18875418.0,0.0,15,9.670000000000002,0
20240719,1721318400000,9.620000000000001,9.790000000000001,9.46,9.71,17807,17181368.0,0.0,15,9.55,0
20240722,1721577600000,9.760000000000002,9.830000000000002,9.620000000000001,9.66,16175,15705654.0,0.0,15,9.71,0
20240723,1721664000000,9.72,9.92,9.5,9.52,20810,20191351.0,0.0,15,9.66,0
20240724,1721750400000,9.52,9.52,9.25,9.34,19554,18307979.0,0.0,15,9.52,0
20240725,1721836800000,9.360000000000001,9.55,9.06,9.41,15028,14076345.0,0.0,15,9.34,0
20240726,1721923200000,9.42,9.58,9.41,9.52,14278,13579625.0,0.0,15,9.41,0
20240729,1722182400000,9.56,9.75,9.4,9.66,16657,16014553.0,0.0,15,9.52,0
20240730,1722268800000,9.62,9.88,9.5,9.79,17899,17502654.0,0.0,15,9.66,0
20240731,1722355200000,9.83,10.0,9.71,10.0,24264,23960221.000000004,0.0,15,9.790000000000001,0
20240801,1722441600000,10.5,10.73,10.07,10.21,70453,72890187.0,0.0,15,10.0,0
20240802,1722528000000,10.09,10.47,10.0,10.15,46931,47933474.00000001,0.0,15,10.21,0
20240805,1722787200000,10.13,10.250000000000002,9.790000000000001,9.790000000000001,32610,32696146.000000004,0.0,15,10.15,0
20240806,1722873600000,9.850000000000001,10.14,9.8,10.040000000000001,23669,23652614.0,0.0,15,9.790000000000001,0
20240807,1722960000000,9.98,10.1,9.93,9.959999999999999,18517,18519087.0,0.0,15,10.04,0
20240808,1723046400000,9.98,9.98,9.66,9.82,18054,17679225.0,0.0,15,9.96,0
20240809,1723132800000,9.91,10.17,9.82,9.9,30355,30464432.0,0.0,15,9.82,0
20240812,1723392000000,9.99,10.200000000000001,9.73,9.84,25370,25088878.000000004,0.0,15,9.9,0
20240813,1723478400000,9.850000000000001,10.38,9.64,10.200000000000001,39010,39188508.00000001,0.0,15,9.84,0
20240814,1723564800000,10.200000000000001,10.68,10.15,10.18,50134,52243125.0,0.0,15,10.200000000000001,0
20240815,1723651200000,10.25,10.38,9.8,10.15,34602,34797255.0,0.0,15,10.180000000000001,0
20240816,1723737600000,10.24,10.24,9.92,9.92,23644,23633128.999999996,0.0,15,10.15,0
20240819,1723996800000,9.98,9.98,9.75,9.91,15223,15019842.0,0.0,15,9.92,0
20240820,1724083200000,9.879999999999999,9.91,9.6,9.639999999999999,16894,16375444.0,0.0,15,9.91,0
20240821,1724169600000,9.63,9.75,9.58,9.66,12708,12297229.0,0.0,15,9.64,0
20240822,1724256000000,9.7,9.78,9.26,9.299999999999999,16815,15938430.0,0.0,15,9.66,0
20240823,1724342400000,9.25,9.33,9.07,9.18,14369,13202038.0,0.0,15,9.3,0
20240826,1724601600000,9.3,9.610000000000001,9.23,9.49,18280,17284995.0,0.0,15,9.18,0
20240827,1724688000000,9.49,9.69,9.28,9.58,24560,23298869.0,0.0,15,9.49,0
20240828,1724774400000,9.47,9.540000000000001,9.24,9.44,17954,16890637.0,0.0,15,9.58,0
20240829,1724860800000,9.42,9.549999999999999,9.26,9.5,15784,14880015.0,0.0,15,9.44,0
20240830,1724947200000,9.28,9.5,9.1,9.389999999999999,44153,41319113.0,0.0,15,9.5,0
20240902,1725206400000,9.35,9.4,9.1,9.1,23766,21967443.0,0.0,15,9.389999999999999,0
20240903,1725292800000,9.15,9.22,9.05,9.100000000000001,17295,15753880.0,0.0,15,9.100000000000001,0
20240904,1725379200000,9.06,9.11,8.83,8.91,20781,18606173.0,0.0,15,9.1,0
20240905,1725465600000,8.91,9.11,8.91,9.05,14085,12730732.0,0.0,15,8.91,0
20240906,1725552000000,9.08,9.13,8.8,8.84,15646,13945570.0,0.0,15,9.05,0
20240909,1725811200000,8.84,8.95,8.6,8.9,12315,10882432.0,0.0,15,8.84,0
20240910,1725897600000,8.9,8.99,8.790000000000001,8.950000000000001,10142,9022556.000000002,0.0,15,8.9,0
20240911,1725984000000,8.99,8.99,8.86,8.899999999999999,8908,7944090.0,0.0,15,8.95,0
20240912,1726070400000,8.92,9.09,8.89,8.9,14408,12993038.0,0.0,15,8.9,0
20240913,1726156800000,8.96,9.020000000000001,8.81,8.81,10728,9571897.0,0.0,15,8.9,0
20240918,1726588800000,8.8,8.81,8.4,8.52,15353,13129578.000000002,0.0,15,8.81,0
20240919,1726675200000,8.58,8.9,8.52,8.889999999999999,21756,19105036.0,0.0,15,8.52,0
20240920,1726761600000,8.940000000000001,8.96,8.8,8.860000000000001,12443,11022674.0,0.0,15,8.89,0
20240923,1727020800000,8.85,8.95,8.75,8.91,12084,10735749.000000002,0.0,15,8.86,0
20240924,1727107200000,9.0,9.18,8.93,9.18,18075,16416684.0,0.0,15,8.91,0
20240925,1727193600000,9.25,9.430000000000001,9.22,9.22,22004,20513683.0,0.0,15,9.180000000000001,0
20240926,1727280000000,9.25,9.88,9.21,9.63,42636,40686604.0,0.0,15,9.22,0
20240927,1727366400000,9.66,10.2,9.66,10.13,54144,53655965.0,0.0,15,9.63,0
20240930,1727625600000,10.49,11.68,10.34,11.52,82566,90850675.0,0.0,15,10.129999999999999,0
20241008,1728316800000,13.489999999999998,13.489999999999998,11.53,12.69,94442,118700464.0,0.0,15,11.52,0
20241009,1728403200000,12.1,12.2,10.69,10.729999999999999,72641,83032595.0,0.0,15,12.69,0
20241010,1728489600000,11.030000000000001,11.8,10.71,11.280000000000001,65240,73636167.0,0.0,15,10.73,0
20241011,1728576000000,11.25,11.26,10.6,10.7,45719,49763882.0,0.0,15,11.28,0
20241014,1728835200000,11.500000000000002,12.340000000000002,11.290000000000001,11.88,113517,133564711.0,0.0,15,10.700000000000001,0
20241015,1728921600000,11.33,11.850000000000001,11.22,11.23,84283,96956541.00000001,0.0,15,11.88,0
20241016,1729008000000,11.1,12.299999999999999,11.1,12.16,112831,133568730.0,0.0,15,11.23,0
20241017,1729094400000,12.1,12.2,11.5,11.7,82821,97479389.0,0.0,15,12.16,0
20241018,1729180800000,11.520000000000001,11.920000000000002,11.290000000000001,11.73,61060,70732263.00000001,0.0,15,11.700000000000001,0
20241021,1729440000000,11.73,11.89,11.59,11.77,52956,62272118.0,0.0,15,11.73,0
20241022,1729526400000,11.9,11.94,11.59,11.78,39534,46610365.00000001,0.0,15,11.77,0
20241023,1729612800000,11.72,11.96,11.55,11.66,35219,41422906.0,0.0,15,11.780000000000001,0
20241024,1729699200000,11.56,11.69,11.41,11.42,24297,28035317.999999996,0.0,15,11.66,0
20241025,1729785600000,11.469999999999999,11.879999999999999,11.43,11.78,37840,44583038.00000001,0.0,15,11.42,0
20241028,1730044800000,11.96,12.190000000000001,11.790000000000001,12.15,42814,51678095.99999999,0.0,15,11.780000000000001,0
20241029,1730131200000,12.200000000000001,12.47,11.81,11.85,42458,51244694.0,0.0,15,12.15,0
20241030,1730217600000,11.76,12.22,11.74,12.01,37695,45187171.99999999,0.0,15,11.85,0
20241031,1730304000000,12.040000000000001,12.500000000000002,12.030000000000001,12.200000000000001,46465,57000620.0,0.0,15,12.010000000000002,0
20241101,1730390400000,12.200000000000001,12.290000000000001,11.450000000000001,11.510000000000002,42413,49821748.99999999,0.0,15,12.200000000000001,0
20241104,1730649600000,11.65,11.81,11.35,11.78,26161,30480357.0,0.0,15,11.51,0
20241105,1730736000000,11.78,12.02,11.75,11.99,25469,30436328.0,0.0,15,11.78,0
20241106,1730822400000,11.99,12.209999999999999,11.78,12.139999999999999,36121,43510447.0,0.0,15,11.99,0
20241107,1730908800000,12.15,12.620000000000001,12.030000000000001,12.580000000000002,43884,54526053.00000001,0.0,15,12.14,0
20241108,1730995200000,12.75,12.85,12.25,12.37,42020,52290928.0,0.0,15,12.58,0
20241111,1731254400000,12.6,12.63,12.33,12.59,36543,45647297.0,0.0,15,12.37,0
20241112,1731340800000,12.629999999999999,12.86,12.36,12.54,42329,53514524.0,0.0,15,12.59,0
20241113,1731427200000,12.58,13.190000000000001,12.38,12.75,53032,67554141.00000001,0.0,15,12.540000000000001,0
20241114,1731513600000,12.7,12.98,12.41,12.43,40466,51163739.00000001,0.0,15,12.75,0
20241115,1731600000000,12.43,12.879999999999999,12.1,12.27,43505,54376188.0,0.0,15,12.43,0
20241118,1731859200000,12.239999999999998,12.399999999999999,11.53,11.709999999999999,36023,42534195.0,0.0,15,12.27,0
20241119,1731945600000,11.8,11.99,11.5,11.99,23893,28129732.0,0.0,15,11.71,0
20241120,1732032000000,12.000000000000002,12.65,11.950000000000001,12.600000000000001,42071,52377198.00000001,0.0,15,11.99,0
20241121,1732118400000,12.590000000000002,12.770000000000001,12.38,12.58,32233,40618054.0,0.0,15,12.600000000000001,0
20241122,1732204800000,12.59,12.66,11.8,11.83,31497,38583518.0,0.0,15,12.58,0
20241125,1732464000000,11.8,12.270000000000001,11.700000000000001,12.270000000000001,29695,35686898.0,0.0,15,11.830000000000002,0
20241126,1732550400000,12.22,12.940000000000001,12.030000000000001,12.500000000000002,62128,77662784.99999999,0.0,15,12.270000000000001,0
20241127,1732636800000,12.39,13.990000000000002,12.200000000000001,13.9,162601,216204270.0,0.0,15,12.500000000000002,0
20241128,1732723200000,13.629999999999999,13.78,13.1,13.16,129929,173587780.99999997,0.0,15,13.9,0
20241129,1732809600000,13.129999999999999,13.309999999999999,12.86,13.02,79688,104060276.0,0.0,15,13.16,0
20241202,1733068800000,12.99,13.22,12.8,13.15,65392,85462561.99999999,0.0,15,13.020000000000001,0
20241203,1733155200000,13.16,14.68,12.91,14.01,149727,205765441.0,0.0,15,13.15,0
20241204,1733241600000,13.75,13.809999999999999,13.11,13.29,80559,107908221.00000001,0.0,15,14.01,0
20241205,1733328000000,13.23,13.46,13.030000000000001,13.430000000000001,46631,61904020.0,0.0,15,13.290000000000001,0
20241206,1733414400000,13.440000000000001,13.64,13.22,13.25,47210,63082569.0,0.0,15,13.430000000000001,0
20241209,1733673600000,13.18,13.48,12.84,13.22,53314,69843747.0,0.0,15,13.25,0
20241210,1733760000000,13.6,13.74,12.94,13.08,50424,67184170.0,0.0,15,13.219999999999999,0
20241211,1733846400000,13.01,13.3,13.0,13.16,35436,46614066.0,0.0,15,13.08,0
20241212,1733932800000,13.16,13.4,13.02,13.36,41634,55119200.0,0.0,15,13.16,0
20241213,1734019200000,13.389999999999999,13.389999999999999,13.02,13.059999999999999,35373,46436958.00000001,0.0,15,13.36,0
20241216,1734278400000,13.13,13.5,13.13,13.3,47835,63816996.0,0.0,15,13.06,0
20241217,1734364800000,13.36,13.4,12.32,12.4,46111,58451969.0,0.0,15,13.3,0
20241218,1734451200000,12.4,12.5,12.0,12.31,25444,31308375.0,0.0,15,12.4,0
20241219,1734537600000,12.190000000000001,12.48,11.98,12.42,27118,33103251.0,0.0,15,12.31,0
20241220,1734624000000,12.44,12.649999999999999,12.36,12.49,18099,22655424.0,0.0,15,12.42,0
20241223,1734883200000,12.5,12.5,11.41,11.53,37368,44230176.0,0.0,15,12.49,0
20241224,1734969600000,11.54,11.75,11.01,11.25,34202,38523704.0,0.0,15,11.53,0
20241225,1735056000000,11.33,11.33,10.63,10.83,32656,35370710.0,0.0,15,11.25,0
20241226,1735142400000,10.9,11.27,10.69,11.11,31647,35128825.00000001,0.0,15,10.83,0
20241227,1735228800000,11.17,11.46,10.89,11.15,30514,34334488.0,0.0,15,11.110000000000001,0
20241230,1735488000000,11.12,11.26,10.6,10.889999999999999,28050,30501287.0,0.0,15,11.15,0
20241231,1735574400000,11.11,11.139999999999999,10.69,10.709999999999999,24214,26331520.0,0.0,15,10.889999999999999,0
20250102,1735747200000,10.709999999999999,11.11,10.26,10.65,31123,33672915.0,0.0,15,10.709999999999999,0
20250103,1735833600000,10.68,10.74,10.0,10.01,31548,32336112.000000004,0.0,15,10.65,0
20250106,1736092800000,10.01,10.36,9.4,10.06,30962,30855589.0,0.0,15,10.01,0
20250107,1736179200000,10.1,10.57,10.08,10.53,29911,30835668.0,0.0,15,10.06,0
20250108,1736265600000,10.5,10.65,10.06,10.370000000000001,25530,26399220.0,0.0,15,10.530000000000001,0
20250109,1736352000000,10.36,10.49,10.27,10.389999999999999,15810,16463348.999999998,0.0,15,10.37,0
20250110,1736438400000,10.42,10.45,9.77,9.85,20876,21163557.0,0.0,15,10.389999999999999,0
20250113,1736697600000,9.91,10.05,9.5,10.0,19301,18975859.0,0.0,15,9.85,0
20250114,1736784000000,10.03,10.52,10.03,10.51,22488,23326389.0,0.0,15,10.0,0
20250115,1736870400000,10.590000000000002,10.63,10.370000000000001,10.48,18541,19453950.0,0.0,15,10.510000000000002,0
20250116,1736956800000,10.53,10.65,10.35,10.52,20019,21066749.0,0.0,15,10.48,0
20250117,1737043200000,10.52,10.530000000000001,10.23,10.32,18479,19095629.0,0.0,15,10.52,0
20250120,1737302400000,10.5,10.77,10.23,10.57,20197,21279461.0,0.0,15,10.32,0
20250121,1737388800000,10.59,10.8,10.15,10.32,22637,23425613.000000004,0.0,15,10.57,0
20250122,1737475200000,10.3,10.36,10.08,10.21,15090,15461060.000000002,0.0,15,10.32,0
20250123,1737561600000,10.3,10.64,10.3,10.31,20452,21400825.0,0.0,15,10.21,0
20250124,1737648000000,10.32,10.430000000000001,10.120000000000001,10.4,16423,16889524.0,0.0,15,10.31,0
20250127,1737907200000,10.74,10.74,10.33,10.44,19874,21036763.000000004,0.0,15,10.4,0
20250205,1738684800000,10.52,10.89,10.51,10.83,23500,25318731.0,0.0,15,10.44,0
20250206,1738771200000,10.83,10.98,10.58,10.94,18691,20205881.0,0.0,15,10.83,0
20250207,1738857600000,11.18,11.379999999999999,10.85,11.04,30869,34204417.0,0.0,15,10.94,0
20250210,1739116800000,11.1,11.51,11.0,11.43,33089,37361742.0,0.0,15,11.04,0
20250211,1739203200000,11.44,12.1,11.19,11.59,65690,76765167.0,0.0,15,11.43,0
20250212,1739289600000,11.600000000000001,12.090000000000002,11.450000000000001,11.750000000000002,58350,68500610.0,0.0,15,11.590000000000002,0
20250213,1739376000000,11.98,12.58,11.48,12.0,62208,73768594.0,0.0,15,11.75,0
20250214,1739462400000,11.8,12.57,11.46,11.950000000000001,87806,104431519.0,0.0,15,12.0,0
20250217,1739721600000,11.770000000000001,12.46,11.700000000000001,12.4,80559,98234590.0,0.0,15,11.950000000000001,0
20250218,1739808000000,12.14,12.99,11.81,11.860000000000001,80253,98913121.0,0.0,15,12.4,0
20250219,1739894400000,11.83,12.299999999999999,11.77,12.25,57174,69078295.0,0.0,15,11.86,0
20250220,1739980800000,12.270000000000001,12.47,12.040000000000001,12.090000000000002,49657,60532431.0,0.0,15,12.250000000000002,0
20250221,1740067200000,12.02,13.6,11.74,12.65,111428,140530381.0,0.0,15,12.09,0
20250224,1740326400000,12.37,12.629999999999999,12.09,12.24,72414,89325659.0,0.0,15,12.65,0
20250225,1740412800000,12.6,12.73,12.07,12.120000000000001,61411,76265434.0,0.0,15,12.24,0
20250226,1740499200000,11.9,12.4,11.88,12.010000000000002,45889,55242580.0,0.0,15,12.120000000000001,0
20250227,1740585600000,11.860000000000001,12.170000000000002,11.620000000000001,11.8,38129,45136050.00000001,0.0,15,12.010000000000002,0
20250228,1740672000000,11.790000000000001,12.000000000000002,11.450000000000001,11.49,30355,35344596.0,0.0,15,11.8,0
20250303,1740931200000,11.46,11.81,11.4,11.56,27716,32219096.000000004,0.0,15,11.49,0
20250304,1741017600000,11.450000000000001,11.860000000000001,11.450000000000001,11.830000000000002,24500,28785115.0,0.0,15,11.56,0
20250305,1741104000000,11.870000000000001,11.92,11.56,11.780000000000001,23756,27768502.0,0.0,15,11.83,0
20250306,1741190400000,11.88,12.18,11.74,12.040000000000001,29884,35800602.00000001,0.0,15,11.78,0
20250307,1741276800000,12.04,12.15,11.77,11.86,21581,25768391.0,0.0,15,12.04,0
20250310,1741536000000,11.85,12.5,11.85,12.139999999999999,36079,43950526.0,0.0,15,11.86,0
20250311,1741622400000,12.19,12.969999999999999,12.19,12.479999999999999,53510,66866107.0,0.0,15,12.139999999999999,0
20250312,1741708800000,12.48,12.78,12.33,12.45,51231,64092079.00000001,0.0,15,12.48,0
20250313,1741795200000,12.33,12.55,12.06,12.270000000000001,42998,52680943.0,0.0,15,12.450000000000001,0
20250314,1741881600000,12.22,12.420000000000002,12.040000000000001,12.4,31891,39071826.00000001,0.0,15,12.270000000000001,0
20250317,1742140800000,12.430000000000001,12.49,12.21,12.370000000000001,22325,27591210.0,0.0,15,12.4,0
20250318,1742227200000,12.410000000000002,12.440000000000001,12.200000000000001,12.410000000000002,20306,25115010.0,0.0,15,12.370000000000001,0
20250319,1742313600000,12.37,12.45,12.25,12.31,17784,21913515.0,0.0,15,12.41,0
20250320,1742400000000,12.370000000000001,12.370000000000001,12.15,12.200000000000001,15812,19341143.0,0.0,15,12.31,0
20250321,1742486400000,12.270000000000001,12.270000000000001,11.89,11.99,27482,33065167.999999996,0.0,15,12.200000000000001,0
20250324,1742745600000,12.000000000000002,12.000000000000002,10.950000000000001,11.170000000000002,39260,44652177.0,0.0,15,11.990000000000002,0
20250325,1742832000000,11.3,11.32,10.88,11.07,22434,24759270.0,0.0,15,11.17,0
20250326,1742918400000,11.010000000000002,11.440000000000001,10.96,11.340000000000002,26067,29542362.0,0.0,15,11.07,0
20250327,1743004800000,11.280000000000001,11.38,10.98,11.18,18807,21004734.0,0.0,15,11.34,0
20250328,1743091200000,11.180000000000001,12.280000000000001,10.88,11.39,84209,97551870.0,0.0,15,11.180000000000001,0
20250331,1743350400000,11.45,11.51,10.91,11.040000000000001,48862,54235875.0,0.0,15,11.39,0
20250401,1743436800000,11.22,11.6,11.07,11.39,40481,46155172.0,0.0,15,11.040000000000001,0
20250402,1743523200000,11.4,11.590000000000002,11.200000000000001,11.22,23804,27005299.0,0.0,15,11.39,0
20250403,1743609600000,11.12,11.33,11.01,11.19,20166,22518831.0,0.0,15,11.22,0
20250407,1743955200000,10.8,10.8,8.99,9.13,51860,49806001.0,0.0,15,11.190000000000001,0
20250408,1744041600000,9.450000000000001,9.98,9.370000000000001,9.63,42317,40816120.0,0.0,15,9.13,0
20250409,1744128000000,9.39,10.4,8.82,10.31,52779,50636396.99999999,0.0,15,9.63,0
20250410,1744214400000,10.6,10.79,10.36,10.62,31544,33624316.0,0.0,15,10.309999999999999,0
20250411,1744300800000,10.52,10.75,10.43,10.45,23976,25359135.999999996,0.0,15,10.62,0
20250414,1744560000000,10.66,11.01,10.57,10.790000000000001,34155,36973612.0,0.0,15,10.450000000000001,0
20250415,1744646400000,10.84,10.93,10.61,10.74,21498,23077920.000000004,0.0,15,10.79,0
20250416,1744732800000,10.790000000000001,10.790000000000001,10.200000000000001,10.440000000000001,27636,28982966.0,0.0,15,10.740000000000002,0
20250417,1744819200000,10.46,10.870000000000001,10.39,10.64,30569,32698687.0,0.0,15,10.440000000000001,0
20250418,1744905600000,10.870000000000001,11.040000000000001,10.48,10.6,41374,44491147.00000001,0.0,15,10.64,0
20250421,1745164800000,10.620000000000001,10.91,10.46,10.690000000000001,28331,30366128.0,0.0,15,10.600000000000001,0
20250422,1745251200000,10.69,10.85,10.51,10.59,25723,27345853.0,0.0,15,10.69,0
20250423,1745337600000,10.56,10.8,10.56,10.76,25198,26988069.0,0.0,15,10.59,0
20250424,1745424000000,10.68,10.93,10.5,10.61,36925,39454816.0,0.0,15,10.76,0
20250425,1745510400000,10.620000000000001,10.88,10.540000000000001,10.73,22990,24679477.0,0.0,15,10.610000000000001,0
20250428,1745769600000,10.73,10.73,10.25,10.47,31545,32971248.0,0.0,15,10.73,0
20250429,1745856000000,10.58,10.760000000000002,10.46,10.700000000000001,24895,26585150.0,0.0,15,10.47,0
20250430,1745942400000,10.799999999999999,11.19,10.69,11.03,34371,37924250.0,0.0,15,10.7,0
20250506,1746460800000,11.49,11.66,11.120000000000001,11.590000000000002,36931,42410175.00000001,0.0,15,11.030000000000001,0
20250507,1746547200000,11.780000000000001,11.89,11.57,11.68,28823,33784616.0,0.0,15,11.59,0
20250508,1746633600000,11.7,11.85,11.6,11.82,18394,21623262.0,0.0,15,11.68,0
20250509,1746720000000,11.799999999999999,12.14,11.6,11.709999999999999,34381,40756563.0,0.0,15,11.82,0
20250512,1746979200000,11.750000000000002,11.920000000000002,11.540000000000001,11.73,31372,36582495.00000001,0.0,15,11.71,0
20250513,1747065600000,11.73,11.98,11.540000000000001,11.57,21968,25622614.0,0.0,15,11.73,0
20250514,1747152000000,11.46,11.84,11.3,11.540000000000001,25553,29582902.0,0.0,15,11.57,0
20250515,1747238400000,11.56,11.700000000000001,11.370000000000001,11.57,26524,30596919.0,0.0,15,11.540000000000001,0
20250516,1747324800000,11.610000000000001,11.71,11.48,11.55,26085,30178336.000000004,0.0,15,11.57,0
20250519,1747584000000,11.580000000000002,11.780000000000001,11.450000000000001,11.690000000000001,26705,31047663.0,0.0,15,11.55,0
20250520,1747670400000,11.69,11.99,11.52,11.94,27510,32533215.000000004,0.0,15,11.69,0
20250521,1747756800000,11.94,12.85,11.93,12.08,87860,106975278.0,0.0,15,11.94,0
20250522,1747843200000,12.030000000000001,12.38,11.71,11.72,54795,65841968.0,0.0,15,12.08,0
20250523,1747929600000,11.72,11.790000000000001,11.41,11.46,42308,49070645.0,0.0,15,11.72,0
20250526,1748188800000,11.52,11.78,11.44,11.68,24797,28853264.0,0.0,15,11.459999999999999,0
20250527,1748275200000,11.68,11.81,11.51,11.75,23915,28010601.000000004,0.0,15,11.68,0
20250528,1748361600000,11.76,11.91,11.43,11.5,25334,29297102.0,0.0,15,11.7,0
20250529,1748448000000,11.48,11.780000000000001,11.4,11.73,27530,32141886.0,0.0,15,11.5,0
20250530,1748534400000,11.75,11.82,11.51,11.6,17612,20464082.0,0.0,15,11.73,0
20250603,1748880000000,11.55,11.8,11.450000000000001,11.74,25398,29764031.000000004,0.0,15,11.600000000000001,0
20250604,1748966400000,11.72,11.89,11.700000000000001,11.88,22071,26094711.0,0.0,15,11.74,0
20250605,1749052800000,11.9,12.0,11.72,11.97,27838,33077050.999999996,0.0,15,11.88,0
20250606,1749139200000,11.99,12.13,11.83,12.09,27083,32492709.999999996,0.0,15,11.97,0
20250609,1749398400000,12.09,12.71,11.97,12.530000000000001,53963,66636319.0,0.0,15,12.09,0
20250610,1749484800000,12.549999999999999,12.719999999999999,12.35,12.53,46522,58310496.00000001,0.0,15,12.53,0
20250611,1749571200000,12.57,12.65,12.35,12.379999999999999,24615,30647557.0,0.0,15,12.53,0
20250612,1749657600000,12.350000000000001,12.49,12.22,12.38,22823,28196595.0,0.0,15,12.38,0
20250613,1749744000000,12.38,12.41,11.96,12.040000000000001,27237,32980965.0,0.0,15,12.38,0
20250616,1750003200000,11.98,12.38,11.96,12.22,25656,31279136.0,0.0,15,12.040000000000001,0
20250617,1750089600000,12.17,12.83,12.0,12.53,61950,77122525.0,0.0,15,12.22,0
20250618,1750176000000,13.0,14.38,13.0,13.77,182712,253735152.00000003,0.0,15,12.53,0
20250619,1750262400000,13.68,13.85,12.4,12.49,125636,163555066.0,0.0,15,13.77,0
20250620,1750348800000,13.010000000000002,13.57,12.21,12.39,87604,111491086.99999999,0.0,15,12.49,0
20250623,1750608000000,12.04,12.58,11.77,12.5,76677,95140894.0,0.0,15,12.389999999999999,0
20250624,1750694400000,12.83,13.0,12.43,12.56,73591,92299574.0,0.0,15,12.5,0
20250625,1750780800000,12.6,15.07,12.56,15.07,204859,284684603.0,0.0,15,12.56,0
20250626,1750867200000,15.67,17.6,14.4,15.33,289403,450636743.00000006,0.0,15,15.07,0
20250627,1750953600000,15.25,16.69,14.92,15.92,227487,361774298.99999994,0.0,15,15.33,0
20250630,1751212800000,15.71,19.1,15.71,19.1,222173,393137502.0,0.0,15,15.920000000000002,0
20250701,1751299200000,19.58,20.25,17.5,18.32,299811,556385798.0,0.0,15,19.1,0
20250702,1751385600000,17.59,18.13,16.15,16.41,204408,347701816.0,0.0,15,18.32,0
20250703,1751472000000,16.41,17.59,16.18,17.4,188021,319678924.0,0.0,15,16.41,0
20250704,1751558400000,17.8,20.88,17.7,20.88,259029,523606252.0,0.0,15,17.4,0
20250707,1751817600000,19.990000000000002,24.0,19.990000000000002,22.3,357625,797653632.0,0.0,15,20.880000000000003,0
20250708,1751904000000,22.65,22.65,21.2,21.32,263480,571332761.0000001,0.0,15,22.3,0
20250709,1751990400000,21.11,24.2,21.11,22.009999999999998,331636,745963957.0,0.0,15,21.32,0
20250710,1752076800000,21.39,21.51,20.1,20.150000000000002,253162,521293925.0,0.0,15,22.01,0
20250711,1752163200000,20.0,20.099999999999998,18.88,19.5,198024,385037103.0,0.0,15,20.15,0
20250714,1752422400000,19.410000000000004,19.630000000000003,18.580000000000002,18.990000000000002,160588,303147246.0,0.0,15,19.500000000000004,0
20250715,1752508800000,18.880000000000003,18.89,17.900000000000002,18.110000000000003,148794,270909633.0,0.0,15,18.990000000000002,0
20250716,1752595200000,18.1,18.130000000000003,17.78,17.94,97727,175150969.0,0.0,15,18.11,0
20250717,1752681600000,18.3,18.990000000000002,18.1,18.490000000000002,201537,374720792.00000006,0.0,15,17.94,0
20250718,1752768000000,18.57,19.09,17.44,17.75,162058,291649057.0,0.0,15,18.490000000000002,0
20250721,1753027200000,17.82,18.72,17.57,18.330000000000002,139167,254619316.00000003,0.0,15,17.75,0
20250722,1753113600000,18.230000000000004,18.290000000000003,17.150000000000002,17.290000000000003,151743,263594040.00000003,0.0,15,18.330000000000002,0
20250723,1753200000000,17.17,17.200000000000003,16.76,16.96,83734,142045392.00000003,0.0,15,17.290000000000003,0
20250724,1753286400000,16.88,17.08,16.7,16.79,77444,130268676.0,0.0,15,16.96,0
20250725,1753372800000,16.98,16.98,16.56,16.599999999999998,61034,101661048.00000001,0.0,15,16.79,0
20250728,1753632000000,16.6,16.87,16.580000000000002,16.860000000000003,52647,88237455.0,0.0,15,16.6,0
20250729,1753718400000,16.880000000000003,16.880000000000003,16.46,16.720000000000002,57197,95162113.0,0.0,15,16.86,0
20250730,1753804800000,16.66,16.76,16.39,16.62,55416,91674099.0,0.0,15,16.72,0
20250731,1753891200000,16.650000000000002,16.69,16.21,16.330000000000002,47967,78780196.00000001,0.0,15,16.62,0
20250801,1753977600000,16.35,16.48,16.28,16.310000000000002,32418,53016955.0,0.0,15,16.330000000000002,0
20250804,1754236800000,16.349999999999998,17.08,16.15,16.9,108183,181373414.0,0.0,15,16.31,0
20250805,1754323200000,16.79,16.95,16.61,16.88,74428,124942954.0,0.0,15,16.9,0
20250806,1754409600000,16.86,17.07,16.73,16.79,59067,99595440.0,0.0,15,16.88,0
20250807,1754496000000,16.790000000000003,16.790000000000003,16.44,16.51,53481,88583441.00000001,0.0,15,16.790000000000003,0
20250808,1754582400000,16.6,17.18,16.48,16.88,103360,175040340.99999997,0.0,15,16.51,0
20250811,1754841600000,16.9,17.84,16.63,17.38,126751,219435132.0,0.0,15,16.88,0
20250812,1754928000000,17.4,17.41,16.72,16.81,85072,143951751.00000003,0.0,15,17.38,0
20250813,1755014400000,16.860000000000003,16.98,16.580000000000002,16.6,59529,99256546.0,0.0,15,16.810000000000002,0
20250814,1755100800000,16.7,17.439999999999998,16.63,17.14,107284,183207649.99999997,0.0,15,16.599999999999998,0
20250815,1755187200000,17.09,17.19,16.68,17.03,71103,120821465.0,0.0,15,17.14,0
20250818,1755446400000,17.06,17.25,16.82,17.11,79397,135344605.0,0.0,15,17.03,0
20250819,1755532800000,17.17,18.98,17.17,18.220000000000002,176564,320926838.0,0.0,15,17.110000000000003,0
20250820,1755619200000,18.0,18.46,17.48,18.38,118125,211884047.0,0.0,15,18.22,0
20250821,1755705600000,18.39,19.79,18.39,18.990000000000002,184926,354424301.0,0.0,15,18.38,0
20250822,1755792000000,18.5,19.96,18.18,18.72,140836,268410983.0,0.0,15,18.99,0
20250825,1756051200000,18.55,19.85,18.01,19.44,154535,295669886.00000006,0.0,15,18.720000000000002,0
20250826,1756137600000,19.18,19.25,18.38,18.64,117416,219847229.0,0.0,15,19.439999999999998,0
20250827,1756224000000,18.44,18.740000000000002,17.66,17.66,82168,149705303.00000003,0.0,15,18.64,0
20250828,1756310400000,17.660000000000004,17.930000000000003,16.490000000000002,17.1,80430,137900815.00000003,0.0,15,17.660000000000004,0
20250829,1756396800000,17.38,17.38,16.59,16.72,49251,82545199.0,0.0,15,17.1,0
20250901,1756656000000,16.71,17.400000000000002,16.71,17.09,48680,83368856.0,0.0,15,16.720000000000002,0
20250902,1756742400000,17.07,17.35,16.42,16.76,49666,82937960.0,0.0,15,17.090000000000003,0
20250903,1756828800000,16.8,16.8,15.8,15.89,47876,77647171.0,0.0,15,16.76,0
20250904,1756915200000,16.05,16.61,15.85,16.29,49206,80467024.0,0.0,15,15.889999999999999,0
20250905,1757001600000,16.35,16.52,15.92,16.33,36822,59659234.00000001,0.0,15,16.29,0
20250908,1757260800000,16.470000000000002,18.54,16.3,18.27,133576,234799529.0,0.0,15,16.330000000000002,0
20250909,1757347200000,18.270000000000003,18.6,17.900000000000002,18.160000000000004,77001,139653364.0,0.0,15,18.270000000000003,0
20250910,1757433600000,18.37,18.5,17.82,18.45,68763,126118952.99999999,0.0,15,18.16,0
20250911,1757520000000,18.37,18.37,17.8,18.04,59817,107533856.0,0.0,15,18.45,0
20250912,1757606400000,18.1,18.13,17.48,17.68,46687,82837481.0,0.0,15,18.04,0
20250915,1757865600000,17.630000000000003,17.840000000000003,17.42,17.78,36058,63580368.99999999,0.0,15,17.680000000000003,0
20250916,1757952000000,17.8,17.87,17.5,17.77,38373,67925481.0,0.0,15,17.78,0
20250917,1758038400000,17.78,18.05,17.61,17.79,50081,89345162.0,0.0,15,17.77,0
20250918,1758124800000,17.900000000000002,17.900000000000002,17.03,17.220000000000002,49533,86538075.0,0.0,15,17.790000000000003,0
20250919,1758211200000,17.07,17.299999999999997,16.9,17.0,37277,63549902.99999999,0.0,15,17.22,0
20250922,1758470400000,16.869999999999997,17.029999999999998,16.63,16.75,26745,44848617.0,0.0,15,17.0,0
20250923,1758556800000,16.75,16.8,16.26,16.630000000000003,29681,48919043.0,0.0,15,16.75,0
20250924,1758643200000,16.61,16.8,16.48,16.75,24461,40822508.0,0.0,15,16.63,0
20250925,1758729600000,16.799999999999997,17.419999999999998,16.56,16.639999999999997,41404,70230042.0,0.0,15,16.75,0
20250926,1758816000000,16.73,17.0,16.38,16.66,27662,46217330.00000001,0.0,15,16.64,0
20250929,1759075200000,16.580000000000002,16.78,16.1,16.490000000000002,34777,57378832.0,0.0,15,16.66,0
20250930,1759161600000,16.72,16.72,16.31,16.34,22005,36178359.0,0.0,15,16.49,0
20251009,1759939200000,16.5,16.64,16.12,16.16,30097,49107813.00000001,0.0,15,16.34,0
20251010,1760025600000,16.23,16.66,16.1,16.360000000000003,29593,48650278.0,0.0,15,16.16,0
20251013,1760284800000,15.99,16.44,15.31,16.44,31319,50540787.0,0.0,15,16.36,0
20251014,1760371200000,16.5,16.55,15.9,16.05,28446,46039456.0,0.0,15,16.44,0
20251015,1760457600000,16.05,16.3,16.02,16.14,21358,34535437.0,0.0,15,16.05,0
20251016,1760544000000,16.26,16.3,15.96,16.02,21344,34452319.0,0.0,15,16.14,0
20251017,1760630400000,16.05,16.28,15.81,15.9,21891,35166104.0,0.0,15,16.02,0
20251020,1760889600000,16.0,16.26,15.89,16.23,26674,43057231.00000001,0.0,15,15.9,0
20251021,1760976000000,16.32,16.55,16.11,16.55,22917,37594085.00000001,0.0,15,16.23,0
20251022,1761062400000,16.540000000000003,16.71,16.35,16.48,19531,32297785.0,0.0,15,16.55,0
20251023,1761148800000,16.39,16.900000000000002,16.26,16.8,41707,69598748.0,0.0,15,16.48,0
20251024,1761235200000,16.900000000000002,17.0,16.6,16.73,32157,53919369.0,0.0,15,16.8,0
20251027,1761494400000,16.8,16.88,16.43,16.52,26316,43584905.00000001,0.0,15,16.73,0
20251028,1761580800000,16.450000000000003,16.580000000000002,16.330000000000002,16.360000000000003,22342,36681967.0,0.0,15,16.520000000000003,0
20251029,1761667200000,16.6,16.61,16.23,16.330000000000002,25385,41521028.0,0.0,15,16.36,0
20251030,1761753600000,16.33,16.41,16.13,16.14,21570,35001956.0,0.0,15,16.33,0
20251031,1761840000000,16.23,16.490000000000002,16.23,16.44,29349,48149586.00000001,0.0,15,16.14,0
20251103,1762099200000,16.46,16.72,16.39,16.6,28001,46454432.0,0.0,15,16.44,0
20251104,1762185600000,16.7,16.8,16.46,16.650000000000002,20679,34303031.0,0.0,15,16.6,0
20251105,1762272000000,16.65,16.83,16.5,16.77,27934,46742671.00000001,0.0,15,16.65,0
20251106,1762358400000,16.75,16.830000000000002,16.39,16.44,24567,40480699.0,0.0,15,16.77,0
20251107,1762444800000,16.419999999999998,16.7,16.34,16.56,22380,36979619.0,0.0,15,16.44,0
20251110,1762704000000,16.650000000000002,16.8,16.51,16.720000000000002,20000,33384902.0,0.0,15,16.560000000000002,0
20251111,1762790400000,16.87,16.880000000000003,16.6,16.75,15741,26301785.0,0.0,15,16.720000000000002,0
20251112,1762876800000,16.68,16.869999999999997,16.47,16.669999999999998,15587,25958082.0,0.0,15,16.75,0
20251113,1762963200000,16.700000000000003,16.8,16.53,16.73,17700,29581122.0,0.0,15,16.67,0
20251114,1763049600000,16.67,17.18,16.66,17.0,29320,49911575.0,0.0,15,16.73,0
20251117,1763308800000,17.139999999999997,17.27,16.9,17.119999999999997,24433,41841475.0,0.0,15,17.0,0
20251118,1763395200000,17.15,17.15,16.81,16.939999999999998,19796,33549509.0,0.0,15,17.119999999999997,0
20251119,1763481600000,16.990000000000002,16.990000000000002,16.26,16.3,26843,44298225.0,0.0,15,16.94,0
20251120,1763568000000,16.32,16.6,16.03,16.200000000000003,23846,38790985.0,0.0,15,16.3,0
20251121,1763654400000,16.13,16.330000000000002,15.4,15.44,30605,48119343.0,0.0,15,16.2,0
20251124,1763913600000,15.590000000000002,16.080000000000002,15.530000000000001,16.02,28250,44828700.0,0.0,15,15.440000000000001,0
20251125,1764000000000,16.03,16.35,15.89,16.150000000000002,18994,30770689.0,0.0,15,16.02,0
20251126,1764086400000,16.09,16.45,15.66,15.69,25445,40690991.00000001,0.0,15,16.15,0
20251127,1764172800000,15.670000000000002,15.840000000000002,15.530000000000001,15.760000000000002,19498,30566731.0,0.0,15,15.690000000000001,0
20251128,1764259200000,15.719999999999999,15.95,15.6,15.92,19988,31600359.0,0.0,15,15.76,0
20251201,1764518400000,15.92,16.259999999999998,15.76,15.76,26172,41820434.0,0.0,15,15.92,0
20251202,1764604800000,15.8,15.8,15.41,15.67,21510,33605300.0,0.0,15,15.76,0
20251203,1764691200000,15.67,15.67,15.16,15.26,28839,44173270.0,0.0,15,15.67,0
20251204,1764777600000,15.200000000000001,15.420000000000002,14.88,14.9,22529,33858483.99999999,0.0,15,15.260000000000002,0
20251205,1764864000000,14.94,15.05,14.75,14.9,29906,44487970.0,0.0,15,14.9,0
20251208,1765123200000,14.950000000000001,15.15,14.88,14.99,30176,45221138.0,0.0,15,14.9,0
20251209,1765209600000,14.99,15.07,14.8,14.9,24221,36192981.0,0.0,15,14.99,0
20251210,1765296000000,14.89,14.9,14.56,14.700000000000001,24832,36607874.0,0.0,15,14.9,0
20251211,1765382400000,14.73,14.76,14.09,14.16,30492,43728263.0,0.0,15,14.7,0
20251212,1765468800000,14.16,14.450000000000001,13.96,14.08,27800,39444668.0,0.0,15,14.16,0
20251215,1765728000000,14.08,14.170000000000002,13.71,13.950000000000001,35255,49205332.0,0.0,15,14.08,0
20251216,1765814400000,13.950000000000001,13.950000000000001,13.540000000000001,13.600000000000001,32960,45073726.00000001,0.0,15,13.950000000000001,0
20251217,1765900800000,13.670000000000002,13.770000000000001,13.290000000000001,13.680000000000001,27304,36918733.0,0.0,15,13.600000000000001,0
20251218,1765987200000,13.6,14.26,13.56,14.030000000000001,38317,53696822.0,0.0,15,13.68,0
20251219,1766073600000,14.01,14.45,14.01,14.42,23403,33359640.0,0.0,15,14.03,0
20251222,1766332800000,14.49,14.7,14.27,14.299999999999999,27001,39007950.0,0.0,15,14.42,0
20251223,1766419200000,14.32,14.36,14.01,14.18,20658,29261768.0,0.0,15,14.299999999999999,0
20251224,1766505600000,14.25,14.43,14.17,14.33,17675,25342536.0,0.0,15,14.18,0
20251225,1766592000000,14.33,14.64,14.25,14.45,15718,22653244.0,0.0,15,14.33,0
20251226,1766678400000,14.430000000000001,14.530000000000001,14.280000000000001,14.31,20499,29511555.0,0.0,15,14.450000000000001,0
20251229,1766937600000,14.31,14.47,14.15,14.46,23559,33795264.00000001,0.0,15,14.31,0
20251230,1767024000000,14.49,14.57,14.15,14.21,24609,35215427.0,0.0,15,14.46,0
20251231,1767110400000,14.19,14.39,13.99,14.36,25129,35745642.0,0.0,15,14.21,0
20260105,1767542400000,14.520000000000001,14.59,14.31,14.38,30688,44355738.0,0.0,15,14.360000000000001,0
20260106,1767628800000,14.43,14.62,14.33,14.4,29990,43395345.0,0.0,15,14.38,0
20260107,1767715200000,14.37,14.459999999999999,14.09,14.129999999999999,26141,37222717.00000001,0.0,15,14.4,0
20260108,1767801600000,14.1,14.77,14.01,14.69,55187,80375747.0,0.0,15,14.129999999999999,0
20260109,1767888000000,14.620000000000001,14.81,14.46,14.790000000000001,33666,49284582.0,0.0,15,14.690000000000001,0
20260112,1768147200000,14.81,14.97,14.66,14.870000000000001,27551,40862695.0,0.0,15,14.790000000000001,0
20260113,1768233600000,14.95,15.23,14.66,14.94,37494,56212838.0,0.0,15,14.870000000000001,0
20260114,1768320000000,14.940000000000001,15.21,14.71,15.020000000000001,38069,57218369.0,0.0,15,14.940000000000001,0
20260115,1768406400000,14.9,15.05,14.75,14.86,22166,32996744.999999996,0.0,15,15.02,0
20260116,1768492800000,14.89,15.0,14.75,14.93,26154,38937975.0,0.0,15,14.86,0
20260119,1768752000000,14.84,15.12,14.77,15.09,35645,53425129.99999999,0.0,15,14.93,0
20260120,1768838400000,15.18,15.48,15.02,15.219999999999999,38041,58107873.00000001,0.0,15,15.09,0
20260121,1768924800000,15.21,15.48,15.030000000000001,15.430000000000001,26235,40110169.00000001,0.0,15,15.22,0
20260122,1769011200000,15.56,15.780000000000001,15.38,15.65,26099,40688080.0,0.0,15,15.430000000000001,0
20260123,1769097600000,15.66,15.81,15.47,15.680000000000001,22727,35594138.0,0.0,15,15.65,0
20260126,1769356800000,15.690000000000001,15.780000000000001,15.23,15.41,35286,54476707.0,0.0,15,15.68,0
20260127,1769443200000,15.33,15.469999999999999,14.77,15.25,29826,45066577.0,0.0,15,15.41,0
20260128,1769529600000,15.28,15.4,14.93,14.95,25319,38287750.0,0.0,15,15.25,0
20260129,1769616000000,14.89,15.35,14.73,14.96,27377,41208803.0,0.0,15,14.950000000000001,0
20260130,1769702400000,14.91,15.28,14.86,15.24,27411,41417989.0,0.0,15,14.959999999999999,0
20260202,1769961600000,15.09,15.24,14.81,14.88,49928,75331181.0,0.0,15,15.24,0
20260203,1770048000000,15.010000000000002,15.24,14.88,15.05,33588,50601953.0,0.0,15,14.88,0
20260204,1770134400000,14.98,15.200000000000001,14.9,15.09,23962,36055469.0,0.0,15,15.05,0
20260205,1770220800000,15.120000000000001,15.26,14.97,14.98,25295,38189673.00000001,0.0,15,15.09,0
20260206,1770307200000,14.81,15.22,14.81,14.98,29230,43995514.0,0.0,15,14.98,0
20260209,1770566400000,15.23,15.430000000000001,15.200000000000001,15.3,23576,36037435.99999999,0.0,15,14.98,0
20260210,1770652800000,15.379999999999999,15.5,15.18,15.28,21881,33661075.0,0.0,15,15.299999999999999,0
20260211,1770739200000,15.31,15.440000000000001,15.200000000000001,15.38,15991,24574743.0,0.0,15,15.280000000000001,0
20260212,1770825600000,15.379999999999999,15.44,15.09,15.12,20768,31653878.000000004,0.0,15,15.379999999999999,0
20260213,1770912000000,15.139999999999999,15.379999999999999,15.02,15.02,23987,36461390.0,0.0,15,15.12,0
20260224,1771862400000,15.209999999999999,15.62,15.17,15.56,32805,50790998.0,0.0,15,15.02,0
20260225,1771948800000,15.56,15.780000000000001,15.370000000000001,15.600000000000001,22137,34608131.0,0.0,15,15.56,0
20260226,1772035200000,15.66,15.680000000000001,15.22,15.31,24774,38089901.0,0.0,15,15.600000000000001,0
20260227,1772121600000,15.280000000000001,15.39,15.200000000000001,15.39,17895,27374629.000000004,0.0,15,15.31,0
20260302,1772380800000,15.100000000000001,15.270000000000001,14.46,14.55,40715,59972091.00000001,0.0,15,15.39,0
20260303,1772467200000,14.6,14.76,14.0,14.13,32448,46783560.00000001,0.0,15,14.55,0
20260304,1772553600000,13.88,14.22,13.540000000000001,14.06,28854,40425303.00000001,0.0,15,14.13,0
20260305,1772640000000,14.17,14.75,14.06,14.21,21281,30552384.0,0.0,15,14.06,0
20260306,1772726400000,14.21,14.88,14.14,14.83,31909,46669342.00000001,0.0,15,14.21,0
20260309,1772985600000,14.65,14.88,14.370000000000001,14.63,27585,40266662.00000001,0.0,15,14.830000000000002,0
20260310,1773072000000,14.75,15.32,14.63,15.31,29359,44486236.00000001,0.0,15,14.63,0
20260311,1773158400000,15.290000000000001,15.88,15.08,15.22,40549,62329538.0,0.0,15,15.31,0
20260312,1773244800000,15.29,15.37,14.93,14.969999999999999,25048,37880292.0,0.0,15,15.219999999999999,0
20260313,1773331200000,15.05,15.440000000000001,14.9,15.09,26405,40132395.0,0.0,15,14.97,0
20260316,1773590400000,15.09,15.38,14.97,15.26,25066,38049427.99999999,0.0,15,15.09,0
20260317,1773676800000,15.33,15.33,14.69,14.84,23618,35575052.0,0.0,15,15.26,0
20260318,1773763200000,14.96,15.14,14.81,15.14,20923,31378870.000000004,0.0,15,14.84,0
20260319,1773849600000,15.0,15.16,14.61,14.639999999999999,20049,29818574.000000004,0.0,15,15.139999999999999,0
20260320,1773936000000,14.74,14.959999999999999,13.85,13.92,43017,61393706.00000001,0.0,15,14.64,0
20260323,1774195200000,13.780000000000001,13.8,12.8,12.950000000000001,45667,60891911.0,0.0,15,13.920000000000002,0
20260324,1774281600000,13.58,14.07,13.18,14.03,49583,67629227.99999999,0.0,15,12.95,0
20260325,1774368000000,14.180000000000001,14.66,14.040000000000001,14.520000000000001,42467,61409014.0,0.0,15,14.030000000000001,0
20260326,1774454400000,14.600000000000001,14.690000000000001,13.950000000000001,14.110000000000001,28435,40622503.0,0.0,15,14.520000000000001,0
20260327,1774540800000,14.1,14.4,13.82,14.35,21793,31007760.0,0.0,15,14.11,0
20260330,1774800000000,14.35,14.6,14.08,14.6,23580,33876087.0,0.0,15,14.35,0
20260331,1774886400000,14.530000000000001,14.780000000000001,14.200000000000001,14.270000000000001,21416,31076519.0,0.0,15,14.600000000000001,0
20260401,1774972800000,14.56,14.72,14.23,14.360000000000001,24539,35357678.0,0.0,15,14.27,0
20260402,1775059200000,14.39,14.5,13.85,14.07,27693,39089006.0,0.0,15,14.36,0
20260403,1775145600000,14.07,14.17,13.49,13.57,29965,40943737.0,0.0,15,14.07,0
20260407,1775491200000,13.559999999999999,14.12,13.44,14.12,30532,42494586.0,0.0,15,13.57,0
20260408,1775577600000,14.49,14.8,14.42,14.73,26745,39224560.99999999,0.0,15,14.12,0
20260409,1775664000000,14.700000000000001,14.750000000000002,14.280000000000001,14.39,20837,30161643.0,0.0,15,14.73,0
20260410,1775750400000,14.44,14.9,14.35,14.87,26867,39623505.0,0.0,15,14.389999999999999,0
20260413,1776009600000,14.84,14.9,14.44,14.9,23048,33971892.00000001,0.0,15,14.87,0
20260414,1776096000000,14.969999999999999,15.2,14.77,15.07,17726,26523870.0,0.0,15,14.9,0
20260415,1776182400000,15.200000000000001,15.200000000000001,14.82,14.870000000000001,17683,26394440.0,0.0,15,15.07,0
20260416,1776268800000,14.910000000000002,16.14,14.700000000000001,15.65,45853,71000092.0,0.0,15,14.870000000000001,0
20260417,1776355200000,15.58,15.940000000000001,15.46,15.48,28904,45165442.00000001,0.0,15,15.65,0
20260420,1776614400000,15.49,15.73,15.450000000000001,15.680000000000001,21020,32810683.0,0.0,15,15.48,0
20260421,1776700800000,15.68,16.9,15.6,16.6,68372,111816407.00000001,0.0,15,15.68,0
20260422,1776787200000,16.68,17.28,16.48,16.75,81145,137159403.0,0.0,15,16.6,0
20260423,1776873600000,16.98,19.55,16.7,18.83,172240,318219404.0,0.0,15,16.75,0
20260424,1776960000000,19.6,19.880000000000003,18.71,18.8,187780,361366950.99999994,0.0,15,18.830000000000002,0
20260427,1777219200000,18.72,19.08,18.04,18.38,119058,218749854.0,0.0,15,18.8,0
20260428,1777305600000,18.650000000000002,19.450000000000003,17.830000000000002,19.060000000000002,115530,219076924.0,0.0,15,18.380000000000003,0
20260429,1777392000000,19.029999999999998,19.86,18.88,19.5,74922,145260235.0,0.0,15,19.06,0
20260430,1777478400000,19.6,20.16,19.12,19.19,61702,120288484.0,0.0,15,19.5,0
20260506,1777996800000,19.19,19.43,18.8,19.19,55307,105823367.00000001,0.0,15,19.19,0
20260507,1778083200000,19.220000000000002,19.880000000000003,18.69,18.77,54323,103237053.0,0.0,15,19.19,0
20260508,1778169600000,18.75,20.1,18.73,19.55,78980,155016197.0,0.0,15,18.77,0
20260511,1778428800000,19.689999999999998,20.849999999999998,19.29,20.49,72702,146900533.0,0.0,15,19.55,0
20260512,1778515200000,20.430000000000003,21.200000000000003,20.01,20.930000000000003,60639,125984138.99999999,0.0,15,20.490000000000002,0
20260513,1778601600000,20.82,22.0,20.06,21.82,81533,173385227.0,0.0,15,20.93,0
20260514,1778688000000,22.130000000000003,22.580000000000002,21.69,22.05,65428,144554268.99999997,0.0,15,21.82,0
20260515,1778774400000,22.05,22.76,21.900000000000002,22.700000000000003,58051,130123911.99999999,0.0,15,22.05,0
20260518,1779033600000,23.0,24.939999999999998,21.56,22.66,135665,317233833.00000006,0.0,15,22.7,0
20260519,1779120000000,23.040000000000003,23.040000000000003,20.92,21.25,115995,250429456.0,0.0,15,22.66,0
20260520,1779206400000,21.12,22.48,20.8,21.18,86853,185137383.99999997,0.0,15,21.25,0
20260521,1779292800000,21.169999999999998,21.849999999999998,20.7,20.89,71044,151527412.0,0.0,15,21.18,0
20260522,1779379200000,20.89,22.55,20.7,21.86,66398,144040719.0,0.0,15,20.89,0
20260525,1779638400000,22.23,22.23,21.26,21.6,47641,102738167.00000001,0.0,15,21.860000000000003,0
20260526,1779724800000,21.62,24.580000000000002,20.650000000000002,21.12,53499,113770865.0,0.0,15,21.6,0
